966.3269621320455
937.3830297306083
869.4132100598882
972.7711004251754
987.2493233125286
996.9295739575174
1034.0123258561969
1060.1876249995971
1089.4041790007325
1082.0827376869902
1048.9162753748687
1078.511400724051
1084.348782511069
1100.3634385537293
1129.6582616813023
1130.2438765492948
1154.5781309160411
1163.7395590233346
1226.4352550983674
1251.1144508209761
1295.064656264611
1320.516783502542
1331.486168383724
1310.5742699867267
1381.8425684218792
1324.0346683109176
1376.3294968124203
1438.251164946808
1457.4159982534795
1482.6846588891885
1432.3380599563127
1486.9664423108572
1498.244050393775
1530.487021787337
1554.1582960668936
1579.5457764254445
1529.4308949976937
1594.7566843623324
1580.0771662568068
1641.5667963623434
1696.4827002779127
1708.638052673399
1668.4826221343887
1752.3074151394426
1742.3714527119182
1723.71824692774
1743.0915733085671
1709.5739666468316
1735.0208107673327
1655.2023413736324
1630.0795900643434
1768.8105402526394
1785.026859714985
1762.0990401066324
1725.4997413687765
1765.725508369601
1893.8974306505595
1893.872456441433
1929.3064418409308
1989.9220036253978
2024.876110469146
2015.1315618387298
2005.6346113362288
1927.9523444102897
2017.3154998400678
2042.0818475900735
2075.9631973088867
2160.613692487288
2154.271601792746
2173.1383819752255
2199.5093943077377
2208.895234705362
2239.955380576678
2217.9298894718463
2286.094171364916
2339.1972573960693
2440.260379791728
2487.8476711788876
2556.671791853297
2433.704061372164
2438.771549384768
2404.532909894233
2423.954179402648
2441.429835750506
2565.808472375009
2611.0915223242046
2648.6286662870652
2516.4503232295774
2651.341667098256
2447.8601595756845
2580.337875775485
2697.393147412503
2771.2563947814565
2836.1331773769416
2692.2145380252837
2867.66230535793
2900.487266181894
2897.1220855719152
2979.0421441028097
2976.710483469148
3037.922334330863
3090.463596785799
3071.7860145635045
2817.326950005651
2480.0364817301474
2751.10599931346
2915.6706931079925
2940.317750760389
3114.499346511145
3223.1942509783794
3179.0270719397568
3091.3394271215775
3414.659684167536
3440.63721876358
3359.2899269594423
3457.9636166192076
3715.1043031315257
3875.571684023111
3983.8495398057253
3950.864575945013
4035.848971902976
4106.491209778074
3903.583680984024
4165.68782776884
4112.753090190035
4443.402067598792
4281.425049617584
4157.447472145147
4330.524587444033
4197.450231858483
4219.783794268433
3967.1481656756587
4243.56450514825
4139.108037974683
3745.700333394669
4131.007798931509
4412.154232130856
4233.903984252753
4383.441726920099
4293.41904833277
4343.6256489291045
4442.90654275446
4230.197836286423
4609.391668567657
969.4692098785387
948.2731023830497
884.2002019878349
981.0012049043538
988.9014911196575
1002.1509293024651
1042.845302063174
1069.2968332012924
1103.2102795253797
1104.103784758557
1063.2632353834645
1092.2948289518108
1102.1702478388183
1116.255690611298
1135.7230344322697
1139.892185700287
1160.4633653742437
1167.0312404570852
1229.367136921594
1255.552021155398
1300.4816966482251
1323.3325524513773
1328.1740858814533
1313.5132680962238
1379.617099055114
1318.836430526282
1371.0243669885433
1435.3199729118355
1457.4906175011931
1484.179457740782
1432.533862087943
1495.541212624188
1508.5830183291448
1540.539706675618
1565.244725400979
1590.3125661235956
1537.0502629223486
1604.1847996620756
1582.2404751076035
1654.4383366552981
1704.1225340922397
1702.9552228396717
1666.7775581467545
1739.4432931596948
1732.3223440184515
1725.358054967734
1747.4596053156222
1714.3556655007583
1744.1480254813753
1668.537807478288
1638.1393769341937
1773.656729784829
1787.1662633927783
1766.4688828662813
1735.189536213596
1783.5478826263122
1919.383404626191
1918.3902605092653
1948.5377973300501
2006.0617382001765
2048.8989043658244
2035.6430464703885
2021.1545231710609
1937.0906354101419
2024.7313475503468
2048.049898607916
2082.1686330870443
2171.6311181872784
2156.2682843590133
2185.3559531151236
2196.1395327943646
2209.799785111766
2240.6424381455313
2209.876836384565
2281.8234583420926
2320.2346626252274
2416.832731705977
2471.055189224035
2535.4187423661288
2427.4202661639606
2427.1531152373386
2407.150888067048
2427.489448910537
2448.8088861153033
2562.420215415669
2609.562831907394
2634.339195747858
2494.0280187710455
2635.085555068407
2434.2165650726342
2580.419625451522
2687.314046834166
2751.540746135446
2818.373058406202
2681.393636335754
2864.2505813027424
2896.7467898503496
2899.3089040054697
2983.1698145181053
2999.440157505583
3067.5343985358695
3120.323690478271
3106.7840516953493
2846.0372521975432
2504.611167547254
2771.7739538820024
2932.085015629148
2944.786878951105
3131.7989457824815
3270.494144440536
3217.4866869073976
3156.7113103162037
3499.305490022566
3535.771292370573
3437.5499623557544
3536.6792884764714
3812.7839045488413
3970.591942894499
4066.866182084911
4030.5010740913826
4127.441812995332
4183.643733689851
3960.736016458323
4213.867117968715
4160.90705822138
4474.78512141848
4280.748014948182
4117.799882553954
4274.984523931205
4154.551806466657
4140.184658904993
3888.628096692901
4180.570260292975
4100.066681139449
3721.701548758212
4109.515271295484
4389.839645195235
4224.869123708999
4388.519761931789
4294.216566147945
4325.18749881448
4410.24254469212
4164.770371500371
4484.00747408448
971.9461101255724
948.9242265032301
884.1772754552925
980.1647955367652
994.7433716957869
1014.6040631074842
1051.0558819462963
1078.9429337705596
1110.9317917446265
1111.2436740716455
1076.8363218168636
1107.4213712388434
1118.2962985416666
1136.7917966786035
1161.9718750369186
1165.8224326093648
1187.280630930701
1196.0350315991075
1259.6856249882076
1285.032884599791
1337.236050322456
1356.6889959661655
1367.1389791203815
1345.4938221572656
1420.0953262843275
1357.7913249710894
1412.7601083958089
1472.789842048891
1490.3901006383098
1518.338821686312
1464.5061903466965
1525.3276512330187
1536.9030071838156
1563.6743074374701
1582.7657657050067
1601.8273179851517
1552.1189891687525
1619.3841101944538
1605.7147917514076
1670.5901557628065
1729.2062441165103
1732.1060193441722
1678.163089006762
1758.258486818466
1748.8538931751466
1734.0038822403678
1754.4897740695653
1716.9286070197086
1744.9622094303154
1661.9239332647478
1632.988974166334
1755.648458274429
1774.8200763394855
1756.5075588591314
1716.8914043223997
1759.5341401462574
1886.9333601859614
1880.1788921298828
1918.7235537767842
1971.177077416216
2022.233031582447
2011.757048457793
2004.677457623925
1931.3672640501775
2011.990445828113
2032.1183798560196
2068.3282838687433
2158.0861949174546
2152.2018309844093
2171.620399190842
2184.698837781016
2196.2254293204937
2225.1412792553583
2208.718814145064
2277.1347106251396
2315.1285970344984
2404.594397012167
2447.7638952572183
2523.968935658926
2408.723632738103
2418.3645834368494
2384.8751434803494
2394.2204264723846
2405.201161041645
2518.4083823583196
2566.7836984261066
2592.8157756141245
2446.533143113251
2578.547351016016
2387.0975028446337
2545.9294187479577
2651.0636970864125
2722.0509258124057
2779.2433520725153
2635.8972892096454
2805.747296738702
2854.78107302407
2865.6866313900555
2949.611139743494
2957.6477217671413
3028.2467128354247
3079.605836959249
3072.99370248469
2837.090049282879
2470.1246125268235
2759.3525409076283
2928.9271567909577
2953.357774965377
3102.0515994077305
3210.8207045634936
3175.1426550301862
3103.837580239328
3436.3992162535365
3481.0737227310005
3379.115868798321
3463.4250865595486
3734.815060454547
3903.2117910166817
4015.5752675319104
3967.743643795424
4068.4354470434014
4128.278080681679
3922.1125427843576
4205.5749392196585
4166.119657064796
4475.152721970499
4310.61949904599
4187.542503614537
4350.347907794391
4215.83653722545
4203.784642301063
3940.9142758350285
4256.49269690905
4200.126627403089
3800.6578409869744
4189.171619389317
4478.142091094768
4312.376282032749
4496.668681842238
4414.254730504182
4461.954047262382
4581.556542016273
4331.790993246011
4677.671474158212
970.0100786791209
947.2382374333598
881.8476088011159
982.8807928934292
994.3487850714582
1006.3297543224294
1041.7751827294373
1072.0008097309521
1109.1641259985395
1106.7141503833072
1070.1621382769833
1096.6088846375144
1109.8746650952978
1126.8530380102338
1146.5595122817037
1142.9640323804097
1164.7033269816498
1174.666773026588
1233.6610304121086
1258.9967102355417
1304.3506778215237
1328.8582448898837
1333.1016838137575
1315.2832480145712
1384.661765595098
1323.8077214081147
1375.1616072357629
1437.2413800570444
1457.7364825404095
1487.7087653106478
1432.7366469523688
1485.2410284098573
1497.546126624806
1522.7995945214716
1542.1111589103343
1562.7046838943838
1510.3133952949663
1567.8149590096098
1549.1555196840463
1610.3011593353583
1665.3717832746318
1670.21351729004
1627.2453818948443
1704.2041298245417
1694.583638577275
1674.4762382964277
1697.511613131281
1654.8166848461283
1688.438625543101
1602.9714364806403
1567.7327837508017
1692.5182984491573
1701.5565797871554
1685.4988582554436
1640.6732481719625
1683.6824307429395
1800.2847411033465
1797.8017986289199
1830.4924139904958
1866.005247425596
1903.2273138760645
1892.1040940139576
1882.6068041819533
1805.708549427714
1875.0205932659783
1893.806745858765
1919.7707023424541
1999.079070388737
1992.1718213810418
2001.013476289633
2021.4908277216748
2030.1953609629845
2060.4282404455034
2026.492326703567
2088.6495522535324
2137.3843114532037
2231.239809193095
2281.1323424279954
2349.941522360201
2241.170437863635
2234.5208102455063
2207.6321122442764
2222.5361280292186
2246.3138447376487
2342.8841591087003
2375.5204355722553
2395.1473355925496
2275.141421466405
2385.2051057674466
2200.768290819263
2337.131408417629
2437.7854118566565
2498.712935573388
2559.6623102754393
2424.770778453113
2582.156713054654
2616.407785592666
2617.9417563239513
2705.549310037518
2700.223053249304
2755.558218669866
2804.1366822942678
2790.5705242273807
2561.7189914491487
2207.3157668706963
2438.3007994907134
2592.7853244066196
2599.680011066208
2764.579892728267
2890.5117292266746
2843.3246670158474
2774.9967798618623
3052.3780418769875
3090.9843981309855
3026.403532781989
3131.3709145594185
3365.6876337052
3526.4480716546195
3617.810041001751
3599.01394753917
3679.063992086429
3724.1014751629964
3539.3176615839807
3761.2334009658894
3725.448181612839
4023.1312714995493
3798.7891391290646
3656.6758702468533
3812.262410911607
3679.6112935752885
3678.0609701640333
3445.2416168464097
3688.981045970491
3635.1427278810897
3307.484767436496
3663.0698746236717
3937.507413995638
3778.021353115623
3914.825305872074
3830.875602463397
3867.5598513255395
3949.873021095711
3727.1346036918917
4012.4365567135683
972.2195172551984
948.828614032982
887.2852841061977
982.0935689278199
996.0441178362657
1007.241181446884
1050.7974794663482
1077.8687228348201
1112.143599695267
1109.1604810655358
1077.368955231999
1106.6877931034828
1122.385364404248
1143.5103242281514
1169.3936585313177
1170.4328513925739
1190.6096300503182
1200.8343482846246
1263.480346004344
1291.4761622838714
1341.6239922554953
1365.4857377042467
1369.7563634919507
1355.566381303091
1432.7666621368805
1375.6011489500304
1429.0781804294593
1487.9836439064009
1509.5279145473528
1533.5559149331466
1475.7296575631176
1533.5086805197047
1546.9411172057132
1575.013467040958
1603.190245824101
1626.6080193860157
1572.3711778581487
1638.7167407134511
1615.9697616926055
1684.1596786114349
1742.2547967080309
1741.9780924052748
1701.5674598977414
1783.132012231405
1773.2076815680018
1756.4437187119415
1775.0298110564645
1737.2384973835256
1769.9748828963181
1692.3905264924945
1660.6365540804652
1784.706170432475
1794.495329774436
1773.873944447084
1734.4565951025684
1776.690696412065
1914.233974369484
1914.3261205769004
1936.537952909035
1993.5397894250625
2035.3120076955238
2026.673806647593
2015.2665635191513
1939.4350417286457
2017.8904792354006
2037.4871527906562
2073.609178168828
2161.9784570680745
2156.16486980756
2177.6015549637627
2193.200992560843
2201.456390637746
2230.931364941024
2207.1017839125957
2280.3893445471663
2331.943775640926
2428.687465462597
2466.0294130973134
2540.1348896448676
2422.9108706776988
2429.1342709042747
2408.2751163456787
2434.898920664529
2466.033709505234
2585.4695436317347
2619.8378173965243
2643.805356217585
2523.2312161348636
2651.1186958362337
2453.6339825592513
2605.0293984616633
2718.396899913499
2792.058731241466
2839.720871419253
2703.4099390202473
2884.8395894992186
2920.7500947315198
2912.0537103879533
3000.445733140638
3002.771865636418
3060.9312669866395
3124.4570630194708
3120.6092330952006
2847.9950567077753
2484.888197581479
2751.6427618159732
2928.5791564782503
2944.7555312420745
3122.551539688447
3243.0141956549783
3206.845395910864
3141.2743151316718
3461.215997867509
3509.461999316296
3418.369641193247
3530.776715573262
3795.387356472639
3956.1412112674707
4065.1825979289824
4018.7022511218956
4114.085690102547
4177.511065901325
3958.6420808523167
4237.450192627232
4190.121882291583
4528.343106427981
4375.1681437402995
4253.587443563502
4414.760842398795
4301.128482420242
4246.239804686303
3974.571078839715
4263.536197983515
4191.078952052481
3805.9097907239116
4207.358840873303
4507.971883165638
4338.344491596493
4467.159158755772
4367.947618780056
4422.792628469216
4512.464136008978
4263.640007941822
4613.183789693115
969.0835603958383
953.5079902008672
888.6213510140064
981.2414026814424
995.7740145719945
1011.3487498952793
1047.1429003731528
1074.6367585987382
1106.5589061046487
1109.5735477714159
1077.0793922715543
1108.9749107819684
1123.257309891576
1142.75362103075
1166.1783968109858
1168.9398913064495
1188.7236783687529
1200.9171734291913
1265.1995684918268
1294.8533233598575
1349.9596274144633
1376.4805477371744
1383.2560179846937
1368.588996398747
1444.1584886541145
1380.5940811843004
1437.312706043975
1500.4410647342233
1525.0996980837795
1553.3070518312263
1502.4827320810255
1563.6823528135908
1574.3362198788054
1602.9556325109713
1624.5591849778475
1649.2792570056133
1602.002725934683
1670.3402266149635
1653.3751808494965
1716.7253565256383
1774.3721708962983
1783.436044144277
1744.9658345028158
1836.9604247858658
1828.1288135404636
1809.373773270025
1828.0601911584358
1790.0425241305302
1817.1200971015162
1729.2756930503588
1699.0661215264838
1838.652081220159
1849.0380263950206
1826.5335886759867
1797.469699046309
1850.5985778563702
1988.0195777530341
1996.3319651601912
2038.1041485618223
2092.258376394554
2139.9071477049915
2132.6606706507814
2119.6083487961223
2043.546752774131
2096.8299346617014
2122.0731308780596
2153.56766778822
2242.5980908795514
2233.291845686464
2259.734242360798
2288.985441762796
2305.115558743649
2341.6180107272767
2322.6763707874784
2399.394470723777
2451.8070984870387
2555.805244678776
2615.664361219076
2683.857339248056
2565.0759522727217
2562.074884139165
2532.984948579208
2559.7540265436437
2577.574831823671
2706.4009879844607
2768.620349304603
2794.928589961667
2640.044506007906
2765.0365300897392
2567.7944114924776
2722.804804247567
2855.0235921658295
2925.1777126586576
2997.2195253606023
2846.271321831372
3037.8279444465766
3077.388373432744
3071.06135310475
3157.798076220764
3168.7974391533926
3235.5352618842926
3296.683442396573
3272.347867049879
3003.4161475975084
2686.7164447400573
2997.214014312692
3177.2039166797076
3200.92024950033
3382.4709090337283
3504.5938636175133
3455.4088705728054
3389.0400643455873
3761.6500121358376
3822.237967107386
3735.6191317376665
3802.36384156442
4084.3379785074007
4251.749781144217
4344.025554568284
4299.562110217015
4406.971004842469
4465.653553939345
4240.922911576725
4512.8887472013785
4472.280132751209
4837.228223792003
4625.193728147703
4472.359483746319
4689.525485258912
4544.99042929085
4518.1944943553135
4240.276041050786
4525.358459193977
4416.487321669635
4011.612477607799
4410.177165556147
4725.800185131693
4537.661031597998
4746.478016632826
4650.777796800779
4732.408148756008
4821.167081741186
4551.326385052364
4954.681084652798
971.4014353573154
955.4953646913539
891.1655916929035
985.7586390964236
995.5102156861465
1006.6663725816177
1047.7728046774116
1071.6831199272547
1104.6540394741503
1105.7286454244952
1071.8221856311038
1100.0714103083005
1114.04047843511
1128.4196822148679
1155.0644061994171
1156.2627138139678
1177.4241528831913
1186.869622289511
1244.1220804032466
1272.580415783169
1317.0772449963226
1340.863239640864
1344.5622122225236
1327.6291527041506
1401.412534222072
1345.45257283848
1401.1857604744935
1467.6812306221855
1489.1917062948314
1518.5752772443718
1468.6733617040418
1521.091495372016
1531.36299637875
1563.0580144970074
1589.78082825519
1617.096520589761
1560.1514303463334
1627.7716034476125
1609.3722927537317
1678.4873701150016
1734.3078724632871
1735.901694030218
1694.719625545627
1772.2379893436882
1762.1962236915688
1747.6774774095495
1774.5385137701564
1737.181507352496
1770.2824632886395
1682.330787669926
1647.702839596115
1774.4259569489443
1792.7100471780677
1774.441571871626
1741.773431633968
1788.0247899737894
1917.4560647753658
1923.9802166689879
1954.887071510444
2007.221115309265
2044.900626049567
2027.2227320127895
2016.1719032293058
1939.7904125290436
2007.3514684898353
2034.6062763057648
2065.538301233917
2143.8158109955993
2137.5763897382344
2156.147931241764
2186.3328123778538
2196.9084582553432
2223.429363833624
2200.7803067741484
2255.7263643485953
2301.528469873604
2394.7024824811
2442.1178357757026
2518.4568731481586
2398.1664794900826
2394.0853761542326
2371.133299409709
2387.239108667405
2401.8284473349195
2526.3569797491127
2566.0706769678345
2599.7802051416807
2470.242106615437
2592.6593096441748
2393.2968515745038
2536.1581618177643
2643.3800636491465
2714.30924283954
2771.8193214546604
2628.726103482945
2793.738431393915
2824.1116738672786
2821.715827277729
2906.853654701402
2920.5754353985976
2982.038664303365
3041.59020174131
3024.4517225237437
2772.567664394196
2454.0859626954584
2710.2665057949125
2878.550655170639
2887.817521571131
3063.412723165358
3189.352788623208
3150.7856758860876
3091.457268627959
3418.332633554357
3465.9555923807225
3396.5097578713808
3477.2507433103947
3780.2570619977473
3961.957204923671
4083.9889881572676
4043.5352747806855
4146.4170021346945
4211.412808618825
4006.395531976381
4273.25144352405
4242.816490560632
4578.631718212864
4415.274530063566
4309.294725846045
4472.538240674444
4368.935448811495
4359.145826959773
4077.294506308066
4392.778246821527
4326.4940054490435
3928.1858462861487
4346.760140382779
4649.116158699414
4463.791971999031
4614.095018271387
4516.300086642771
4578.20356383062
4654.46912370263
4389.9615240707935
4769.308021867217
965.0228560137127
938.3850157438877
874.7635004611981
971.9229112710647
986.3947894840601
993.0554374482042
1034.5166877611023
1061.2845571216503
1092.9954631475985
1096.375120882004
1061.5027874471918
1094.1041015142494
1110.293761470147
1125.3863425861314
1148.7448245128278
1150.9455497956776
1170.7078055276802
1181.8212961027348
1242.7629908027266
1267.0618267042207
1315.0575246379044
1344.0833458037814
1356.890217030456
1344.6684411698807
1422.9314428153632
1366.3106423103022
1423.276827226728
1486.1611141166104
1513.4157540127942
1541.315261887658
1492.6380169970816
1548.3692263735304
1560.8906313643508
1591.3793449786456
1616.0094433319096
1639.851586280283
1587.5935684854994
1652.6051846642426
1630.5338034535032
1697.5128718230856
1754.8626976700652
1754.4695715371547
1714.75894257373
1798.0547150442708
1790.8598731466977
1769.860442503876
1794.9227047599984
1754.0623949033147
1795.27161086316
1719.0343554902886
1694.072248058472
1816.5428433668942
1833.0875951208945
1804.986008349828
1768.0104643708676
1812.3910417014326
1945.3674089261237
1947.8740354818206
1981.44300257828
2038.4518605199648
2086.933922678146
2083.547890410502
2071.121072221596
1993.8811595907744
2058.2832721804134
2081.9901242644114
2119.569631128321
2210.1458039867994
2199.134157045597
2215.7353321849623
2236.8990893703235
2248.115174029412
2279.3341099408162
2264.9838585696443
2331.8627513441606
2386.815211901835
2491.401804151284
2531.8921983666355
2606.2548051174867
2491.238211953258
2486.4979815343268
2455.7482245291094
2474.8243151199863
2476.2767523554435
2599.2640390047086
2642.0866352706084
2671.9002413453954
2525.419342371544
2641.1271681743337
2435.3632808462803
2593.5392663125403
2713.8870133855503
2783.79880198487
2846.8580826295456
2687.7924152371897
2866.944389833669
2897.7639538542458
2884.124173438668
2974.5640764872232
2972.1359441684917
3035.3593219747536
3096.3758860360313
3063.417820774231
2815.599605274118
2449.127769506395
2703.4939894782165
2866.0225553626906
2884.4801368626236
3055.8482481935403
3160.3586982190955
3116.349668920417
3049.7289297161633
3380.3241668886008
3433.5579451393087
3348.576871813338
3419.9495780362286
3678.2339770061976
3846.364386033505
3951.3779647690835
3902.965805862472
4012.0203439124434
4065.3017012712867
3862.1459443915637
4124.357849556489
4091.3035090512185
4407.64903140112
4236.652950596029
4117.089451380375
4297.85249718415
4170.2836512799495
4158.139839659519
3902.956085706839
4206.9856713020035
4133.219091021877
3749.923951615597
4127.195356147677
4403.9026884618415
4244.346806899381
4385.689071506103
4301.896251764583
4357.182202766582
4459.0221460494295
4221.502225056516
4593.761904373717
964.8259747001526
941.5884811679246
875.3184269812401
965.1242295456404
975.1624830715207
983.9585578131991
1025.5843887326173
1050.6008413148431
1083.9941623169245
1083.666231379419
1051.4508944246263
1080.083196575214
1088.2341545677393
1106.6960082578648
1131.8835526873168
1132.8022203982005
1153.8440787103154
1162.6480223021829
1224.0624787189297
1252.584562073454
1297.7190931549037
1321.0244860889497
1330.8702193557465
1318.9707090918355
1398.6340489465997
1341.1861799255405
1395.955026389956
1459.9108224334382
1479.5141975418342
1502.8604024266713
1449.718534994661
1510.1365948768723
1522.380706893505
1547.410296134538
1570.4954762211569
1592.9690437386184
1543.8743768442198
1609.3568535243203
1585.148304036704
1652.3715551508471
1705.8059110781026
1702.796542430868
1666.7896553741698
1744.534873682496
1739.864701278476
1718.8414566787303
1742.9832376095505
1701.6721772012975
1732.709756925914
1648.7341262057025
1621.7692524987704
1745.0628693898173
1759.4717296750534
1739.421256108873
1700.8057650352841
1744.1385840704688
1863.332879367832
1870.1050215096259
1902.2351153959582
1951.383796865891
1992.6415138404889
1991.0993145752216
1976.043904896375
1897.1807809424065
1987.4057448728204
2002.162351951727
2038.1589293804916
2120.3824513465315
2108.104028074853
2125.64326106676
2145.36994020661
