967.7380289639337
943.8029589503299
875.69984244695
966.8338616722633
983.512051285805
992.8657954863427
1032.9716211865455
1057.6004219731888
1089.2677491366703
1095.7316080616079
1061.738191640668
1089.4546520739761
1098.6530621743182
1120.1466996196668
1144.4275465103033
1146.6558780614255
1170.1028891661813
1182.2452643338765
1248.1640404115724
1275.5192694645061
1319.9341816341228
1350.1701565824849
1360.634837239532
1347.3688290589744
1422.5953569958751
1362.5603199941527
1418.206492370074
1482.3434856070992
1501.535295644083
1528.4105047851588
1473.2025211557288
1530.900297089288
1545.8384209916233
1576.6739738774627
1601.4846017466232
1622.032185410547
1566.107330112298
1635.4237883006178
1615.7947225932246
1672.2556241653879
1726.9538589784472
1725.7021620085445
1678.6899842655064
1753.7455466202464
1753.4218876504547
1737.9189862271105
1753.2756561206647
1719.4996603422765
1753.7709816452964
1666.360292245999
1638.9994101826856
1783.7931218123892
1790.8067137687774
1761.3091478560334
1727.9811077299794
1787.3639836191921
1924.3598248800522
1926.5000656108946
1961.7373285407775
2014.0338046675768
2053.3267388126037
2043.5854931233891
2034.3198695947758
1961.7981654561618
2051.599354034299
2079.568395170644
2112.1159503679323
2205.4232497616754
2195.2429584624874
2217.9044685242525
2237.3149161260594
2247.1162324735933
2285.0610836648184
2273.380624678608
2357.4692684947195
2405.3398890109106
2512.004644956112
2558.420183684707
2621.5988498804695
2498.682317149294
2496.7204566604723
2470.250821857768
2499.7455888087093
2502.919005866892
2639.4092034988334
2675.7006151282785
2706.1383451152974
2550.260564915228
2682.9732780578665
2484.8989214759904
2646.0925381531238
2769.6963924620313
2838.386937647994
2906.453444471307
2753.6775987861465
2928.183665366377
2966.4902648604816
2955.9902452828023
3034.4286996139276
3045.6977225134156
3118.699310314529
3173.5352588861747
3170.920944373681
2909.2077944446564
2570.061207739362
2853.30652347837
3030.059197113153
3043.851465191328
3234.4143894979875
3355.387404632124
3313.637403644657
3227.5550601703494
3569.001247508793
3615.318178590874
3542.840225975091
3637.6466609530758
3927.8967100056047
4102.375126848774
4197.7085636117445
4161.325279693999
4261.919788301682
4348.758745863658
4114.105713186147
4409.749040246503
4362.995237086537
4696.081294653806
4473.471534793381
4311.9684987487035
4473.158301307405
4314.761353811403
4310.041483271532
4045.390813409159
4350.738164453271
4266.84085944115
3856.2788001785475
4245.894439841048
4538.768671774626
4353.445285819855
4507.432175654762
4426.832887749072
4472.095361778729
4565.942374124925
4310.1576957592315
4681.22817499689
964.7522639024808
941.7289936483014
885.9604730796066
981.3621662269799
994.2528919214865
1005.7093951569658
1040.0045401713205
1064.3181559634909
1100.1096646584067
1105.1045868188899
1068.7725992542476
1106.7564096311894
1116.1602875166152
1132.0165463130866
1159.8778182284955
1161.1609076647017
1180.1013425786114
1192.8227781840274
1254.550892782991
1275.0459824661195
1325.8334517430249
1348.3229720323568
1360.5006486132288
1345.3310006666634
1423.7862125582124
1361.802639594571
1416.6970729087386
1480.7210996357646
1499.8658901731244
1529.0729846945123
1472.7394803627924
1535.0416583341005
1550.0968296573467
1580.6413419789678
1606.3721616333837
1637.900151469134
1582.6342098316454
1651.6660840514435
1623.5522596332094
1695.465893726214
1749.8724155572882
1755.099208576797
1709.4769713037804
1782.991437486275
1771.3150924044896
1754.0776111534117
1778.3661487987188
1741.7801969948289
1781.2468936481582
1692.6912115052157
1674.1622104031267
1808.854814970085
1816.6171557844773
1793.2558598223961
1754.9668454588236
1807.2104965562798
1933.9916166715564
1932.3287096359982
1966.7705887493603
2026.1216185955855
2063.661188578052
2059.4660983644126
2047.053153588214
1966.531451402442
2044.3528771920155
2071.292404107585
2114.745096609055
2205.171761708566
2197.741626656047
2217.78620576699
2241.5315765826253
2241.2773036349054
2269.9674551137423
2253.7958862999294
2311.5023151243463
2365.025240982043
2471.047443771559
2525.9165197589264
2595.6842157061546
2475.730543197334
2482.869894410581
2453.578801108775
2482.85742661557
2505.913094811994
2622.136697465564
2667.6241024761716
2687.480291688567
2538.691302178079
2668.257967916862
2473.9965748285194
2622.08526641301
2759.034703391791
2833.3344570814647
2901.9374724652544
2751.238116107504
2936.326272493285
2970.9369571856028
2992.2747409271365
3076.292054741198
3077.8000433201732
3148.5378888968867
3203.473910673342
3190.1429224190565
2935.136555973171
2571.075758573662
2836.201072296793
3003.9797964291965
3011.419669791598
3197.610060533566
3324.8956951086893
3264.9006739445485
3197.0421350717565
3508.2352293217996
3564.1881423615173
3463.863314601952
3532.514812814779
3817.260278251652
3995.7453446271593
4093.3429209469737
4060.8222233096462
4149.375036030925
4214.263586901679
3985.207262643325
4280.717335439503
4241.408719030196
4558.394832950628
4359.7956025975545
4211.78348102285
4374.470768897911
4244.2432201610145
4236.813332713495
3991.5571175581167
4274.339955547355
4215.257779977855
3850.323946441472
4213.992654670807
4530.8555213350655
4338.406647358932
4517.904218085722
4427.56394158876
4469.088748061622
4536.510852880383
4294.7975435550725
4652.129392805428
966.6764418629607
936.8922359884181
875.6243479550126
967.4648802621602
980.7918253963217
995.2644675539132
1031.0662388730534
1061.111118174242
1092.5772850964288
1086.900565953593
1050.8857287664662
1085.4348770984282
1097.9864548120302
1110.9847135074265
1132.9356585688163
1135.44405432508
1154.5838896258906
1164.9373060962707
1225.0069784404345
1248.7570830769437
1292.296338425179
1316.8658560461993
1334.9132624839629
1317.3165937217389
1391.1919209047899
1330.2219702958328
1382.0570673385284
1442.883196064663
1467.4615801239602
1493.6257288458671
1438.4601667005156
1490.9700437974368
1508.524291521513
1544.12440891767
1565.9808711688893
1594.8252870756378
1540.7995639789506
1609.3069038342146
1588.1630058392816
1654.2467437322516
1708.1621490359419
1710.8969688946017
1667.3989666030368
1742.933043639352
1728.8186950349893
1709.9797371911543
1734.7734046086864
1700.668152801622
1732.671414883766
1659.0896132099817
1630.335717803575
1762.762194433788
1768.0688124507403
1748.7718359207763
1719.5263719213885
1771.3170581600596
1898.584801592966
1892.365887138802
1924.3684880733424
1973.460209292459
2016.2690633846266
2007.0238684786502
1997.9209158201916
1932.099335363383
2025.1888513741546
2047.7296832345864
2085.768536079531
2178.0497331788742
2170.3441092731014
2192.614229840564
2212.127956195319
2223.582003668477
2264.9217279867307
2249.302318238549
2326.340052464571
2368.194267951329
2470.438677574033
2518.4630214595895
2590.6143300882773
2476.127678384328
2471.0411514294815
2447.642958937154
2471.145141674517
2492.3644962999856
2620.6668943607106
2664.8152948797356
2682.573862941531
2561.7281321240503
2699.273845893753
2501.242789532036
2635.7095679698136
2760.5658997846876
2838.8319693397
2902.73052588138
2773.235565463925
2956.219819028673
2988.228082666947
2997.8661844870126
3083.1082315529916
3102.477477884368
3163.6531209826894
3230.2288520866555
3216.951425055332
2948.6221859260113
2595.9341642197305
2862.7766767713633
3063.2248752213386
3077.739928254551
3308.9258657202477
3435.983402182549
3382.7315905703413
3291.6362002149103
3621.3745840336096
3672.585596968313
3603.7681458269553
3712.8871753805215
3990.9591547804102
4155.8205533829305
4275.962425815671
4234.262511168764
4339.425501088811
4395.144699686248
4175.6941992829
4470.534009555313
4423.040530244958
4766.504253637092
4557.0320507068245
4429.784553838449
4607.9249399189075
4452.52930957245
4426.263746669522
4134.6721931702605
4463.383233307738
4364.30509488966
3950.238052049284
4324.870185274812
4647.064702003269
4433.7631416088
4600.420876104599
4516.3974468136785
4547.579855430273
4656.702585818319
4400.0111404299905
4751.856957419829
965.1595906779446
944.0767525327058
880.2131983490909
974.8038176162179
986.351139750374
1002.5075809954163
1040.829141766532
1069.9339412253066
1106.554499790614
1106.9309416134968
1071.8553186057732
1102.4808020323583
1113.7582905066042
1130.6777606282214
1156.2765395499675
1157.238603014771
1183.8543408599708
1192.935241107987
1256.4788908482544
1286.317840191743
1339.15307271117
1360.7187805884905
1381.37161984075
1365.781445380681
1443.993367817239
1382.5306646191095
1434.975451245204
1500.8843769707314
1518.1893847564934
1547.2274723085654
1508.1033737072041
1567.5219381846591
1585.4549420178014
1611.5579260636823
1638.303824265678
1666.2648325142618
1608.0509413074371
1673.1218279723876
1647.0487905504299
1713.1431582947137
1773.9831786946274
1784.2895225576194
1748.3235186605102
1822.7569844456962
1808.3268883113383
1791.41694124467
1813.3699691357676
1781.6963925568725
1817.9570188614462
1741.5671129619002
1704.9414127473392
1846.644170794019
1863.5204550513056
1839.2036319694798
1805.8770481802594
1858.740565378426
1985.878897935455
1988.415556125084
2028.562531958225
2086.137907545207
2118.089311704258
2114.172620921877
2108.6305172977027
2030.798561998279
2108.054885450344
2132.2135740422914
2164.679119697916
2254.391515027922
2245.8332410769294
2264.391726629243
2297.079103220331
2309.3025728559296
2346.0797955590524
2332.1944844877376
2415.763630211643
2452.700444633141
2569.6956243553045
2611.952904700702
2683.6239938719864
2571.6949985474807
2576.719767156447
2541.2533144864356
2569.687737319519
2588.096041892572
2710.2933250850742
2753.3247553999713
2768.7039677398243
2612.9383168621084
2762.087706673103
2564.6842068458204
2699.0849824967
2821.9083641180473
2893.9790887720724
2951.625728078369
2804.935107230135
2985.55439376839
3023.6162173799703
3009.3255434364823
3093.602865166485
3100.184449779894
3154.636111969787
3210.646889156523
3205.6758179173817
2937.790456881532
2563.302034658669
2856.348402950753
3029.129331351348
3042.2607483722027
3226.0535007313138
3358.1397813309773
3306.609984194854
3227.681213241182
3565.6233665741443
3622.256517794946
3510.114762194163
3607.0684662564595
3881.0810268537984
4057.629493972438
4163.803524971505
4124.904036554026
4225.373071229371
4301.176292251844
4057.3323762798104
4344.910281942853
4300.148962414695
4634.63514740113
4403.53497317781
4237.307922954641
4413.672757036276
4264.207529918346
4281.504798319518
3996.503998181256
4276.912673313362
4188.321612540964
3795.475959396322
4146.3014999373945
4439.950425091703
4255.773567994441
4383.5326423829
4305.733881325706
4349.989852562139
4439.986614658727
4198.097248749346
4534.10181990694
968.2987293764976
947.6423034474203
880.4503178260115
974.8458836109046
989.1008501346065
1004.5939016962732
1041.7242784453008
1069.4512868403492
1106.2459965954054
1109.5888868378927
1076.2129999051538
1110.2098008086484
1123.0446504581273
1138.021802708044
1161.2683059601038
1162.5660010057238
1187.6464439381323
1195.846445715767
1259.7812596328902
1284.0807901356425
1329.0943169093257
1352.323239038535
1361.6335366705096
1341.6527807347297
1414.5064764440458
1355.746773842057
1408.3094928462965
1471.5483327644133
1490.8830557412123
1520.1593253572682
1470.0410654897626
1523.278578708344
1531.94888605433
1562.269428901858
1583.9934883270537
1612.3911969886335
1546.3050346836897
1613.6102789547035
1594.0133626526388
1661.657321872529
1715.0220566913922
1717.7372583826584
1677.7896033244338
1752.498128089913
1739.9057076459476
1728.313016549939
1752.1385643003225
1717.9929054583215
1757.899692641862
1680.2666909509053
1648.8989814927663
1778.0983666372708
1787.8417699167778
1767.8743234747874
1744.1627763494464
1793.361033311473
1925.588759596843
1929.7111905799827
1958.8911466180919
2001.6536370869812
2049.5174884216453
2038.6754886924584
2025.6494536221867
1948.8601554819168
2021.746895845833
2046.1593707452992
2082.6674481450564
2163.9500433560065
2156.869766091379
2182.390040404051
2197.1485652019446
2210.2081027101526
2243.1659298284385
2233.57701620754
2310.2904148298335
2358.0202352867063
2468.82997672558
2514.779436310941
2588.291798025971
2465.6032232789275
2469.4494894601344
2446.5146064479886
2477.9830900781185
2496.436986988168
2631.111306702244
2690.2949412312805
2725.769638440546
2596.8751510904412
2728.5285868500805
2529.9487295127997
2675.4873578492284
2804.353065588147
2874.88856791364
2935.136759857031
2785.638933394866
2965.661213336263
2999.4395201013126
2999.211286507578
3094.183068554681
3120.033231187347
3200.8576894720254
3268.086984025185
3257.6168942454087
2985.342715107376
2648.27993542652
2949.0862356078555
3114.778534349268
3127.6852635461587
3328.2725087136646
3453.2960906667163
3403.0887929719343
3348.4732377490272
3704.0592148650953
3748.3692597016466
3643.3691989639997
3724.2157792805865
4026.1869092946627
4188.310654051054
4295.212067078758
4259.787993988069
4337.306678144688
4413.516259549983
4183.392551394126
4481.228190552164
4436.559081162803
4794.812434284209
4595.022807740784
4468.060161696016
4662.924206661681
4496.744744626808
4493.192263337878
4215.055708954457
4522.860656284283
4446.480867108796
4047.7006632717967
4464.370347548727
4802.449725587274
4628.768604639082
4787.910059269891
4694.915253258141
4755.465802396148
4867.701765221418
4603.03661956366
4978.045576232654
968.0607157192007
943.3861609858029
883.4671345334845
975.5151243610768
993.4903649545965
1005.9248861654743
1042.4876289186143
1070.6423097033985
1105.182393426289
1107.1255080233734
1070.6725441794779
1108.8708239955868
1126.200872478503
1142.9957251082649
1170.214140346775
1174.764675231762
1195.663871886864
1209.4740518067238
1276.4489798306515
1298.075988984448
1348.4610438390332
1371.2300718027427
1382.7730337991372
1364.5932656023508
1448.0761286577895
1384.4062372938915
1433.585550202507
1506.9958525169225
1529.7828083381703
1553.7087662480424
1500.1777288887167
1559.2528321338098
1575.2701261334303
1606.9470188578373
1630.6272770288965
1656.7230145309647
1596.2902930249452
1666.2606593676717
1639.754765102368
1712.619287829591
1767.2701352815182
1774.4318398524847
1725.6030376167726
1805.9895564710819
1790.1781803850051
1773.8742597913545
1792.222451314275
1751.6603989975272
1781.0806435912423
1696.667391242122
1667.837299391137
1804.6025429740785
1818.442422715609
1795.197940531437
1757.4082374647533
1812.1565922336088
1942.508973950139
1938.8270876865747
1965.572655806085
2021.9242179979478
2058.747861635566
2054.523759436844
2051.41322894587
1978.2819554676494
2049.544797368838
2074.250825229402
2100.867385613812
2194.0022565420004
2190.7820899816074
2212.956458394531
2233.6782206826592
2245.1955229206287
2281.090007999427
2266.0647372724247
2344.224434197049
2381.0352370440132
2492.284605405577
2537.1690409783723
2610.914131515727
2491.8608465542843
2489.4340369878664
2458.124264705315
2484.129709380499
2505.2947495009143
2635.2228749593573
2673.0654935297143
2707.0388957487166
2570.9094661745207
2703.633352320615
2491.648102906107
2621.0387640476433
2744.056829013168
2818.3941136607295
2881.6873935433687
2723.1472869776876
2911.089563820645
2951.4667615987123
2948.284012294684
3029.6335604005794
3041.3798690618705
3118.8320556953886
3182.815210199901
3170.279253426214
2906.00241363051
2581.8135779659533
2857.5801152133085
3059.623751119032
3087.78304582826
3318.7385023883494
3441.3568886669423
3391.4004168836136
3319.4602630321306
3645.390154177647
3710.209862582631
3628.8626819835536
3724.567305197861
4024.344952474056
4201.139111721149
4306.287868842517
4258.202836104913
4358.59204671615
4438.503945265501
4185.483552573832
4480.342523736285
4426.384845903455
4767.377354150072
4539.062779407111
4382.082459949319
4583.31188289789
4438.318229995489
4451.398683561369
4178.921811422019
4508.291427976009
4430.4617950643305
4004.125196686896
4387.081936900604
4706.995610107924
4524.845209539931
4667.494636499679
4565.5237551218825
4615.804070795742
4712.118397146278
4465.630546746922
4831.136016725396
967.240428403159
948.2148134846809
892.0439169628052
985.3209454559745
1001.0732399918245
1023.1318865453624
1064.1957699969453
1093.6375360028665
1129.9669838612492
1129.6390272523101
1097.0263292805623
1132.1914927678738
1149.9725660852257
1162.8119253411426
1186.2466854309323
1187.0591875363275
1213.0179309611935
1224.7541845379799
1288.2781145228873
1319.6959602437416
1370.735879694816
1396.0621263655432
1411.7301289909055
1403.1270506417027
1479.7383838747369
1417.7285240372337
1470.7222525547363
1536.6812670445418
1557.248572893752
1581.0574544295787
1529.7952885962238
1584.730747412899
1597.6678076676565
1626.3355705162212
1653.1953761502787
1682.7665541223992
1627.7738886594293
1696.6759359622897
1675.1045544728624
1745.4086446679594
1800.1413106841133
1807.1230138430553
1753.712821339322
1833.6933514519756
1821.689966505931
1800.1968021717746
1822.8629861282675
1790.1803376762061
1819.9716666935803
1723.8299595025444
1695.398580789793
1822.1938576363725
1838.4307236302932
1811.5928248148387
1774.8521008335886
1830.3287910269096
1959.8526445256373
1958.6180730291032
1986.1284111896873
2040.3881909737524
2078.190409123781
2076.6135166414665
2061.3834560380446
1983.1043675293977
2071.217121881603
2094.0816987637745
2129.4108035315912
2219.138144552157
2213.925609951259
2228.244420638557
2251.4054522838846
2257.8025916019287
2298.4917584376335
2286.502604163184
2368.6559628788764
2415.080167604887
2531.9625298445035
2579.97203053722
2646.3429144011247
2518.193114111452
2514.4621987479095
2486.4742313108695
2511.9931557445598
2519.656500067637
2652.478358821435
2702.5713642795504
2730.9595837827155
2604.178543304864
2746.0715951151174
2531.1899230111985
2670.5316331418217
2808.52470247823
2884.9985053954333
2948.794372581531
2800.798864224059
2993.5887767082195
3037.5701942483333
3038.7156122688657
3131.0907828288687
3137.4571946227934
3214.0380069721573
3270.612075939793
3272.710593759604
2998.7868440241778
2669.2582604915574
2948.8081889882656
3148.9360857843803
3170.7593597917994
3383.0080896028344
3507.9415044814837
3444.7727829210257
3372.776430315345
3695.5093201864183
3757.1751663303535
3677.9054087885434
3759.47870093892
4031.055954311467
4225.627498596508
4333.556472440139
4299.234644701147
4389.460704509256
4461.682520719985
4216.870788034081
4506.090951278117
4454.141582817327
4792.634168549625
4590.051538489139
4426.948727231589
4652.165980142136
4463.570803480095
4428.503676375039
4178.824888815996
4483.510190548322
4395.745356773202
3997.9268847708536
4367.5635117379825
4689.914556507215
4496.217875920779
4649.249878972334
4565.916792485423
4621.479114624533
4712.149998823364
4455.422263386749
4809.371770405994
964.1396959088189
940.264883098147
876.5754635982871
965.4707707126898
981.181808277154
1000.3868800007898
1039.4450632007183
1064.6482708069216
1098.609884013701
1100.1582301592457
1070.9731807605758
1102.2898968132913
1118.7470083350381
1131.2059781810117
1155.3864520950879
1156.6632976190203
1176.4852009148576
1187.1853084465497
1251.302937183457
1276.8520034124203
1322.9095543138212
1344.7516087358167
1358.3684577470551
1340.4252357142682
1414.161656797312
1350.3129362577565
1403.0467670530686
1470.1121291969891
1499.0598386690137
1522.5831083601106
1475.729253369734
1540.3926251580608
1551.191280902813
1578.5865616426686
1597.8325847682863
1623.304688522347
1562.4924963654723
1630.4779179097238
1609.7167589945454
1674.0865761778382
1729.7793155835589
1733.5944512288318
1687.5840578804352
1762.15606090155
1748.5771812913722
1718.506016517559
1745.0690885156503
1714.639923935334
1744.5020393252937
1664.043103170637
1637.5498643570131
1772.3696781340439
1786.575018739883
1763.053704821628
1722.4282595452019
1767.96580569846
1895.6230469925083
1903.4511775286203
1930.415219897218
1990.9503306139359
2031.55006236764
2031.6181093387083
2021.6271132355985
1938.8605913446972
2015.9051598720184
2042.4041570642453
2075.339149327327
2165.1527288496827
2164.2962177602562
2187.683395998659
2210.9524002386797
2219.4009648367023
2245.5837767419407
2232.592707598315
2316.8405847630256
2356.995327133888
2475.593699036476
2522.952588822691
2597.8375194291316
2479.0269230186695
2477.554066026615
2455.0008593980806
2474.415784445589
2481.4276176075464
2609.9828574641556
2649.216996677564
2675.8084786606037
2544.472890112668
2675.146141296005
2472.3974725063217
2607.2051958254397
2741.7907207191893
2809.5402736430065
2884.4538046958564
2740.7788815614713
2934.2588129136775
2966.9516130918923
2969.594952607873
3051.115887300723
3052.5163319418352
3121.449679549158
3183.8678288526585
3177.131599340644
2911.876382957227
2562.9449194575923
2845.8765139922093
3024.5166856433607
3025.3064002648093
3223.538991426085
3347.045399392855
3289.0347152625545
3230.228518441433
3547.462251449628
3598.062571131222
3517.70220040505
3606.3200608265192
3874.334523736984
4038.4591779037164
4152.4626284848155
4108.5277120209075
4189.156629864886
4246.4745075387655
4030.183466460706
4283.68807341083
4227.054823420224
4560.172875994433
4349.266206176221
4191.270996972069
4360.327037566559
4209.570161510625
4216.377071141904
3959.994435088327
4232.255304794917
4140.9768362514005
3764.832790157242
4123.207542831548
4404.541726342927
4210.510063786929
4326.807774810067
4240.2223782214905
4302.300691823955
4401.429021903951
4164.203177076219
4515.7184937513075
968.4310055762875
953.9268857143795
894.7088151819775
984.1224758639428
998.8668659988685
1015.3971048465236
1055.7274163884906
1083.3692623369539
1121.3507398294914
1120.8031337714422
1087.0905372934158
1120.632618729026
1133.6973279434465
1151.1557204902538
1177.3282739651422
1179.596427725203
1205.6987459709567
1211.9720627553556
1279.0391052136954
1309.0400167195246
1359.2591795192025
1385.7840798422424
1397.4840622509926
1376.5925519023733
1456.3529450458652
1394.4090209958943
1443.727636848034
1514.73898338533
1529.9412107554504
1554.4456204350397
1508.3014351147544
1564.5324965674015
1581.4732425518625
1610.987029213336
1634.64570953765
1656.6826873416978
1596.5705467808998
1671.4986290339007
1657.2111975671971
1727.0025950216095
1786.1542034869476
1791.596951502554
1742.7472661075938
1825.2138157980157
1810.4470640870531
1787.7301417793092
1812.6172736616215
1776.81688382966
1810.9378333706131
1731.08187816521
1702.3157358207125
1841.159210334498
1857.9148756435095
1839.8971883303595
1798.867132217432
1853.9762120107982
1984.5498548215646
1977.2505244171798
2015.2765578525461
2075.006325926593
2116.453385294867
2102.4611487352367
2086.153047615753
2007.5996995438416
2083.549733748991
2102.924469341795
2136.7120310751006
2237.4004427804853
2228.2866801847736
2241.5848718202155
2271.8014516321364
2283.7303149229147
2311.130090371651
2296.403257105123
2379.8289131393103
2439.4539285472274
2548.0973069968736
2599.6330222431693
2674.248863382405
2561.966143515826
2563.2083932977685
2525.5940773433717
2559.301790680023
2591.9838381184377
2725.17924322095
2762.566613198719
2782.708628474611
2658.3308544784577
2799.7074287785
2587.0524006043734
2726.6026485541947
2858.1038678446175
2936.03294238722
3001.4231133449557
2864.6938992376963
3067.705782571644
3118.734650204758
3107.920649771563
3201.704653344206
3217.6423061178634
3294.382129629297
3355.998398404284
3357.658389901592
3085.449473183356
2743.198581723498
3038.902031586181
3236.884661596895
3245.3482446078765
3485.1803878306437
3608.78462809324
3551.351645356979
3475.560339170972
3840.064285934043
3899.679257675051
3813.1297622245897
3881.7138920340894
4207.275706597558
4385.050493633517
4500.278492825048
4467.425339900212
4563.548129842364
4641.688042143997
4377.660243237559
4688.034322250549
4643.643942619041
5030.604411026809
4802.404162407245
4667.742360379172
4886.571472938998
4739.957371278338
4735.456965867026
4466.95936440434
4761.164044262211
4671.153847055513
4254.574563566741
4651.158637260997
5002.315244677191
4820.071515017625
4994.273961600882
4890.2338432180195
4940.899533436142
5046.4589699822955
4782.295734748683
5178.625144287081
967.5879400663039
943.5829600950312
883.4463193334628
971.3190634311072
985.2095159927734
1002.192022364156
1035.250757957365
1064.9052888092856
1100.1691346129376
1106.2689399507758
1071.9249804735075
1101.07643516753
1112.2696712800064
1125.9886529463129
1151.088931898731
1153.9856868939733
1177.3867127044653
1184.0395957512587
1244.2787791331846
1265.997572144985
1311.8318327147886
1335.874306067806
1342.9085396822786
1326.9486228919025
1399.1675510138637
1339.5172206032707
1389.4143534864509
1452.836541832411
1475.4385233365203
1502.5462142136407
1460.0559748649066
1515.5062547463954
1523.408958812938
1555.428877636038
1581.6480653288813
1602.099734039252
1541.8149432677483
1607.3590391052096
1584.28626698933
1651.6913274007761
1705.1233943550872
1709.7724179018585
1666.329855866457
1750.4264656584905
1736.598586856041
1721.0085277475328
1743.1997480930054
1714.8548796925709
1750.3885309705533
1669.0701409699795
1634.7431556708264
1760.8732763536682
1777.3935076733828
1757.626980148359
1722.8813257045786
1779.2828644175581
1905.65675927136
1900.3369850374156
1935.039475139895
1995.1125624418526
2039.8211727973955
2033.930931879344
2017.7893437091209
1937.8852869144714
2019.7799004879653
2044.4857466104058
2075.3304814031644
2164.1544035472984
2164.516885545034
2185.6666602553555
2213.768801150044
2224.052254376526
2256.5097111525733
2245.6527900952183
2323.0784239083546
2371.253964797486
2472.1008365404905
2519.014174118637
2585.8949948739723
2465.068945948285
2462.399027572754
2450.618708147179
2465.0270571930455
2483.5176563009945
2608.75731641453
2660.016029467313
2684.785905095549
2550.5897209739
2689.3060656339608
2485.887463340268
2621.5905476258868
2743.0081273546275
2811.9995263258697
2874.3431116438687
2716.6606060947324
2909.061637212105
2951.223278452682
2952.7075190893456
3036.7005910900775
3050.6222781971815
3118.867840669916
3167.437683084656
3155.5025504773316
2905.222726379773
2580.0992629485377
2867.90997500489
3038.98283036475
3047.3734985638525
3252.1089131669873
3370.7242964396823
3332.0003562600623
3263.4395404037023
3578.83045935293
3628.840086710519
3555.678462005194
3642.2102611128057
3920.61075974193
4080.3002648634038
4200.13884591836
4161.97083658219
4261.100853744913
4336.194959158827
4110.286269341423
4401.662698487319
4366.830720815682
4714.604931811014
4513.456637791698
4381.585117964497
4531.303386493512
4380.522743201329
4404.295724477539
4121.812297612841
4402.590703108069
4315.7653553364
3919.253158620919
4287.997882205974
4605.791907142847
4419.107658665781
4564.666329372684
4455.1669813674425
4501.513319842498
4610.829561176276
4376.394947918221
4730.072895697615
967.9577066755887
946.3976475864356
885.7653607627691
976.413356481149
990.1978681875812
1010.7133965295945
1051.467680813173
1077.5017093728718
1111.7670750841462
1115.8347129253489
1089.6667176002534
1123.9997293354927
1131.4877119777277
1150.3761389783017
1179.93950502087
1184.0710756992353
1208.3390953313399
1216.253529579201
1277.559141538001
1297.995937016452
1349.9287726525417
1371.1022953080924
1383.5874151354844
1371.1175486572297
1452.3312440142884
1389.0211282710848
1438.5362006289618
1504.0256930212718
1523.8259156032102
1552.1934961779643
1505.2493317603696
1566.9265767009047
1583.4566524012237
1616.0857703373085
1639.5254037770817
1665.2438257931462
1607.4946029176997
1678.6131784567326
1656.0760756822497
1727.4000648585659
1789.0413326592686
1801.0413872709103
1749.705520233811
1838.562215010342
1826.5784695423556
1807.886901954384
1832.0735009008222
1799.8137212139718
1831.8443919475505
1748.6453148441483
1720.2047171800496
1857.0330654476631
1873.6085957867012
1850.5344014789587
1815.6583729527317
1870.8081828038175
2009.456654604391
2013.840887284166
2049.4149911183767
2110.647485890311
2156.2823605469243
2151.295192469853
2137.5209798185406
2048.8731403869583
2131.666732461539
2157.9300046144162
2188.0382245476985
2271.8019341407885
2265.967429247509
2283.0697712611113
2308.5559213412203
2324.774957359713
2359.009266820887
2343.6731819842094
2426.6927786330516
2475.0425162161782
2594.8075755552686
2644.9394268086635
2737.482594453606
2613.4690747071545
2613.2825242612707
2576.6794664498166
2611.7431257575836
2626.072316187572
2772.928076634755
2825.4774682515317
2852.134864822303
2710.8691445427244
2853.1315889809484
2633.8486809565766
2770.124909528656
2894.0179886620954
2965.71264869816
3026.660940061883
2869.9471975479055
3066.2395492518845
3106.4638106378657
3095.0480270334397
3169.2177695535597
3183.0657751147555
3255.519644741776
3314.6184280422062
3305.207881916188
3026.5529340069534
2690.017021632955
2987.392043886104
3184.70302502422
3196.8517937631373
3419.4134459577917
3534.523183506319
3476.6433113028083
3378.5539457871505
3705.7737132767343
3753.134895549014
3662.6764947232787
3741.697113796932
4042.4951829892634
4217.42357134222
4314.350795890313
4275.044090519859
4367.978726924957
4443.941765247194
4194.524946344685
4463.348994717502
4434.335948527353
4775.379724148362
4540.805945729926
4404.073398287966
4587.377924832949
4453.010444765423
4438.592041699525
4171.275060328796
4463.342173435169
4355.871408883533
3959.8548811650717
4370.979599951216
4678.202057619137
4511.625123591383
4669.235843631795
4583.566530131639
4653.257031004061
4771.883299236426
4504.197678424325
4883.2355729483825
965.2994874973518
941.9609390977696
882.9755535510639
977.1315289817451
994.2762671388576
1008.4177166194037
1046.3236241004051
1074.9344881207685
1113.8140392019914
1117.8602572481182
1084.804371402452
1122.0846553496688
1137.7981007506735
1156.6626959919686
1181.9189464038404
1180.9715766383354
1209.3020662772665
1217.0498129093883
1281.469728231668
1305.025751074073
1352.2734952333526
1373.2992067236569
1386.114718741335
1372.1876910044139
1451.0542334150127
1392.7087920895353
1447.739278495533
1519.7112193880198
1539.927716505809
1572.3146145715903
1517.6452071897043
1583.383420477036
1592.9623376081645
1618.7597787557447
1643.8971087891384
1671.7450697778686
1611.7105791363288
1683.1431297948293
1662.300742664609
1732.9350109970028
1789.0426890382184
1799.1600468648585
1751.2204463249873
1830.3752152757438
1816.39940729243
1795.57587998554
1817.7809555336562
1786.349430125678
1816.7645070071026
1732.5501750803232
1699.1246240974742
1838.444351774425
1859.4270470755368
1838.1733823711463
1803.8257971452572
1853.170908302348
1990.7100973869005
1995.8903000207506
2029.5528901749065
2084.4235351222237
2134.9125410592233
2135.4173041846802
2121.965919186934
2040.3974165370757
2129.528849250022
2148.471895278485
2187.7973415174265
2277.121767248783
2274.482265025429
2297.1389886298584
2329.25267722914
2338.586989195971
2370.926683076876
2354.579431716162
2434.0595369217035
2489.4038206687196
2602.685205837326
2655.9077115482055
2736.75947197973
2609.5447312915026
2617.555830341456
2577.5823838722445
2600.2128444288915
2618.80575749864
2749.1830336621924
2805.9286651451175
2840.3244878511177
2686.665166669106
2832.051683754622
2612.7265881872986
2752.362431526819
2885.6704800659395
2958.789321004357
3029.4073496491733
2873.721779169226
3072.955553546862
3117.083642726211
3123.005836887603
3201.397959904118
3230.650966408766
3304.724281636973
3363.2975939643648
3372.523031702806
3102.0414144536467
2750.111513416526
3058.393556021992
3261.9609689577283
3264.607497186139
3499.850739808297
3628.5736520818955
3582.901907347223
3500.9164456977946
3837.511572522305
3897.3378351221945
3803.719280919156
3890.5574090937084
4195.7813484658955
4358.421661906388
4468.804927861241
4433.4324038492105
4521.863710171516
4585.710024019692
4345.331129609549
4651.140730840318
4603.47284371306
4965.951726746345
4739.193451031232
4559.3219891581275
4718.09765319328
4552.767981537755
4551.421638223046
4299.166629297067
4602.3800555230255
4496.459622798438
4091.3249486215614
4490.622774516653
4812.430692840731
4623.009756252728
4792.89367272152
4702.871139357456
4765.934211317328
4895.384419264217
4632.911872741584
5047.125420632699
967.8019696739723
944.5416284503608
884.1802212441125
974.4609353201769
989.03125326735
1000.67218991924
1040.1155584022551
1067.1910329186312
1102.408078516661
1106.244230589633
1076.1169036227564
1111.615478876861
1126.992377493371
1142.5030762402857
1168.68438850415
1166.9940894362294
1187.7270010578457
1193.970765131464
1253.29686774969
1277.4873720160642
1329.394553312974
1354.1491792389
1364.3699438953013
1348.933966680517
1422.2750410133729
1359.9625940027483
1411.816827869023
1471.0053860542284
1491.6741118616742
1518.008462186334
1466.7152829500117
1523.7719850264148
1540.7067056059257
1569.7254688872713
1591.773375418404
1617.466020692475
1563.6778418848255
1633.7211234179451
1615.1511511874207
1679.0184982770672
1741.9914213382617
1748.9057261304847
1704.7094205598146
1778.9039642855837
1763.7632593480616
1739.1781722746448
1759.4631499075535
1730.168642058112
1770.5817705837876
1682.1581850356627
1648.5926063943557
1785.6277865485595
1801.438330985456
1778.397939132886
1744.1080872731866
1790.6718577480365
1917.6805479737534
1925.5603279952616
1954.223482798895
2010.410939485147
2055.221688025397
2037.9245134327216
2019.831380210504
1944.862172623297
2013.073662671224
2033.1153969430804
2066.264124385471
2152.6047664024095
2143.701735879184
2164.80309341438
2188.5140968440232
2200.994003934988
2240.7221689603866
2234.5435642437874
2302.8846327559795
2349.765339301201
2460.3467024178453
2513.522975240874
2587.5591625056304
2467.3142451616645
2468.1663294761365
2436.4272376235376
2465.7593928018173
2475.611772105457
2597.567465783396
2632.648959579083
2659.5960330380904
2521.0598973713604
2650.1411728533694
2461.6626458230135
2605.794223826392
2728.670979987164
2795.725426893293
2852.275226307336
2714.177714286664
2893.389247877662
2926.2365076528586
2940.227321060797
3024.7480326785108
3038.1649371954763
3100.448371171408
3165.8295993882116
3175.278629949271
2906.7676798788457
2544.8317870903143
2832.0484972437753
3005.931500732283
3035.5915388579497
3230.3563055232044
3363.3186258247397
3322.1639963102907
3253.0862338253746
3572.4710878428923
3634.697804084792
3544.045355165093
3611.6698837917543
3885.4520502601417
4038.2482626622473
4128.758278844115
4096.031248455698
4198.419116606287
4271.75000491699
4036.4886682796514
4320.7473066310995
4283.644008867551
4617.104149861782
4414.390310806752
4316.9010695992365
4500.371297035929
4345.391318526687
4343.4762385044605
4077.94708454054
4351.601172892363
4276.643906228256
3889.462295884061
4252.479853079492
4566.9661904724735
4389.143639678568
4523.984770955196
4446.066661465661
4484.501794195064
4597.6475414753
4351.174687674837
4723.999247605145
968.8050421477874
942.1578928298907
879.9114620621893
982.327480911937
992.8582096503065
1011.9914631642747
1046.546688767657
1068.1093542179717
1099.8072781461324
1097.2165922657284
1059.893767859232
1093.2735292616442
1103.774973060242
1117.723063760803
1143.7441776882251
1145.3121886125134
1170.8194162647524
1182.0217791734544
1239.9676719144684
1265.2514629397676
1314.7929396616403
1338.170898144251
1352.847860683421
1336.508186407585
1407.7027198665035
1352.9623623368134
1407.839505095237
1473.467168609136
1494.267054429907
1519.3598586100804
1466.3226973925307
1527.7072828736532
1539.6395938748585
1566.779888053581
1583.9517804274622
1608.9572467199655
1554.365048669487
1622.0041877855679
1598.8869937637055
1669.2630388061634
1724.1964484904581
1723.8930891713185
1682.7702577991265
1760.8068537501463
1754.7658941948073
1730.2908325672688
1755.5455729024861
1722.1134794494267
1753.6176494676774
1662.11878396896
1632.5398298292314
1772.1375608726537
1786.5919240356309
1762.763188086342
1732.0056085861002
1784.7471382902493
1919.5281342138817
1921.0106305210888
1949.8252929345356
2004.1084871822368
2050.56055077786
2043.6271248872588
2033.9878980314716
1953.8312858578533
2034.6859795652877
2056.532450269726
2089.8862397045677
2173.229809641353
2161.470259849139
2188.334172549338
2216.57279233264
2231.324463612841
2269.7656156797875
2258.972634480229
2338.0586539079695
2389.023489290404
2494.671184099337
2544.6523246220804
2618.8571363309416
2501.89744351923
2491.317725434296
2459.983565058979
2499.0447262840376
2521.4337927918473
2655.276595221027
2690.639657240313
2719.777788805583
2582.181178412366
2715.2180891815365
2503.5302763120453
2630.563308402988
2762.179202883608
2834.8005891148764
2907.0883488900627
2762.431667040387
2946.8266934626604
2986.096253245406
2987.1733710915114
3058.229323381575
3069.057198387561
3131.7506021434065
3184.9568542282523
3149.6153257242345
2878.289328303178
2518.7425723770866
2783.3879450561008
2969.410092222272
2975.938402741145
3163.504515365354
3279.896403873407
3231.5391412746653
3156.6637173041227
3459.4188014090546
3516.364015572084
3442.143626238901
3529.1397388266278
3798.269881493856
3972.283727360202
4058.7352712278016
4029.8384515986345
4127.859835511884
4207.755642098974
3989.6884245375645
4267.974898204951
4235.174419047568
4560.922994839743
4338.022070765893
4179.316992442862
4344.891584536542
4206.89692800535
4190.147031406721
3936.4291036112168
4229.4526157782575
4145.239090737428
3759.040206544783
4134.513736969247
4426.990214560979
4263.688468589609
4376.9653460933005
4272.1997454649845
4331.350962329122
4433.38104157822
4203.190153931601
4563.332687082762
968.297957368509
943.3082557101332
877.5970659893452
970.91772672135
983.8716912595414
1000.9333934423513
1038.468169981379
1062.3573983923375
1101.560615771276
1106.1860754273564
1069.4440781777778
1104.97401228237
1121.5677170102451
1144.05934771448
1169.4248555409063
1173.065152655342
1196.5237636701174
1203.0166735026442
1268.3308432020217
1298.6405938669006
1352.6134681892438
1377.867135012561
1383.2911455503358
1364.0282634029645
1444.3738964275212
1383.5789125595295
1439.7463453507926
1497.5083590733414
1525.145588076422
1554.3641847947472
1503.6651302452444
1562.593571239135
1575.2894072494469
1604.5312887564123
1628.393853131466
1654.0423015472
1599.1379512415858
1672.2111444736952
1648.1542667750966
1725.8646118910763
1776.0507813937404
1783.3326914722581
1738.2270495233006
1820.7141663713317
1806.488484691978
1792.4762665476849
1814.749010297575
1774.4492652899535
1804.9195563055407
1715.766088276246
1680.967852362537
1816.7906025577204
1823.8734343647868
1790.099381218099
1754.8657297604468
1805.659669299557
1944.8970031323981
1947.7204828511026
1984.145428113949
2037.7332966375777
2079.137584005265
2070.0452814988544
2061.2272739698374
1980.4502042557897
2073.8148445610045
2093.028147665351
2134.512351191623
2218.80632186619
2217.1681786603954
2229.9924465219547
2254.595123495678
2262.2122071673384
2304.6226849170594
2282.970307524725
2359.468934345266
2414.796286798493
2524.3235169534755
2565.7835692375475
2640.8832148771444
2525.4375108657478
2525.7225705190435
2509.7112416690256
2523.4384364195334
2541.354415428371
2673.6128609495627
2723.7655940279533
2747.6680028487644
2613.82189242807
2747.2073202755214
2538.238723878544
2675.2236417502445
2801.0123430266417
2862.919740865525
2933.2366163793927
2778.077422610362
2956.4253172456893
3002.0745159428798
2998.4255226964797
3070.1251870982983
3070.9639491546654
3139.2355912567646
3208.0828640150958
3197.9757471069847
2929.2790405847545
2580.2003801488395
2878.7153971829007
3052.546410046474
3079.733494145881
3282.5285636346116
3392.9812546119874
3329.288144677937
3240.0636034019394
3552.8821052148296
3602.3098622294087
3546.235220383392
3625.0204982571117
3904.2495081485586
4086.470310146906
4203.19585613395
4175.19675778554
4269.263954410815
4339.584841210208
4111.227825410009
4386.625707056695
4351.586633804503
4683.105511816852
4477.901053370238
4327.986037326109
4494.252785270532
4332.869180057663
4356.008920133842
4104.734828132923
4418.7107459853305
4319.583670429671
3932.9191659091316
4338.477071119403
4680.451636930602
4498.542516630717
4637.794199856739
4537.722894063689
4595.582376402591
4706.667089458623
4468.338468512534
4861.177838216403
969.3995332867573
940.6916805535968
877.7539873978184
976.1458739225819
988.6849844507883
1004.6779391973224
1041.3754263505007
1068.966350512988
1104.0584833582932
1101.732431852103
1067.5969830237168
1099.620311965171
1110.3842970054627
1122.239005412643
1147.8947835401266
1151.5732340401214
1175.5346582184575
1186.6700206844332
1248.5423071748378
1274.774222560689
1322.8300999791968
1348.448042611305
1352.194146748271
1337.8946322039146
1412.9899822875882
1350.2253264535598
1406.4725779124617
1474.2216825172509
1494.2589694626813
1528.4115226832057
1477.16689487817
1544.754802554731
1555.1734532121873
1580.3182086156762
1598.9344304652282
1621.936910125462
1569.9739122475278
1636.5486747484197
1605.668719628446
1667.4207668666993
1721.4583033837387
1720.896685591247
1677.6582402346667
1751.3289956965193
1740.8833495719364
1721.2473232027482
1742.3225102493786
1708.9680560002143
1732.2618689244862
1649.6926113035386
1617.5783597367822
1736.0522345587026
1755.6402131535294
1743.4201054283228
1698.4967002436235
1751.1583318445594
1881.3888830907206
1884.306410853567
1923.5801322932414
1979.1117873408366
2025.0329103277977
2021.0266543196442
2004.6085746728518
1932.651508253236
2019.2938685713814
2040.2286006436545
2076.159281003287
2162.2792597959906
2153.8701286080313
2178.588398676315
2196.6889420914663
2211.4866638353624
2245.7491692728813
2228.710274639515
2308.516653469713
2357.385413912921
2464.339946996709
2502.5055172021935
2571.712008464136
2457.602942818552
2457.6850694744826
2437.7968307470014
2459.189035103477
2476.859097796822
2606.100973179914
2650.505494200134
2678.027186638768
2540.329763733875
2667.263252629359
2464.7759710638593
2598.1740210253
2724.664075462712
2795.673966699296
2863.0290373816206
2714.538738917634
2893.7084034317318
2934.575348226731
2933.594846247238
3022.6494665618648
3045.0989435741026
3113.1226833720243
3170.4347896063323
3152.5228685273423
2883.955673683978
2564.225835769023
2854.720569720331
3038.4394326504803
3059.984281048506
3250.651481997777
3376.1307845728456
3315.360213732398
3239.414259704316
3572.0400821056187
3623.56807164098
3552.2926896387357
3637.311238982497
3940.367259681877
4095.5601824947844
4197.496911875724
4155.422407933316
4257.334933337601
4336.810982465271
4100.187634003186
4369.754815529793
4315.16591416882
4648.285247953425
4409.315855600624
4262.082048506529
4416.573297692101
4263.378093884662
4249.790833800722
3966.240609763174
4249.502210797226
4168.662793606677
3783.7832266889277
4171.969581589602
4480.824281740599
4304.0766117729245
4435.370303662916
4321.889264210986
4377.702990246504
4479.24763149013
4228.564561418299
4569.783932494801
967.5080853519368
939.1840202755257
877.5146509779055
971.8262353371674
987.9982820313398
1001.6250324972659
1038.5099923612966
1065.8896722300817
1100.046848445624
1098.1967269213421
1062.4869737658707
1097.2881367678528
1106.5768415527898
1123.5354093083079
1149.9290753812693
1150.3815450195339
1173.7297203980988
1183.6855491890879
1246.0389926437117
1276.3166505756333
1323.7076892520884
1346.5630017017195
1356.1546361044323
1343.916252380353
1419.5190883882317
1359.7019175106125
1414.3179876531851
1476.8055244746079
1492.6160428730686
1514.3025394623257
1467.4845437481208
1522.9094298903735
1539.6180227924042
1564.308465419424
1587.3112756657229
1611.320803674606
1560.7593618881378
1627.629201094337
1602.689497876244
1679.8348104804986
1738.8800807880625
1745.9047846381152
1695.7891153016533
1778.7747918301582
1765.3520646241334
1746.1734722976914
1767.4516526783782
1733.1028023614415
1769.2301063385912
1679.682760868815
1650.3447384578626
1784.726328909481
1798.290165245969
1780.000184375499
1735.3519866606973
1785.539850407281
1917.1105207302699
1921.1251885815707
1953.8641812072046
2011.4935364467437
2069.5139674976235
2061.580493680947
2050.45771288798
1970.915174581034
2051.8963008984433
2070.2025520118714
2101.023605349819
2197.8751233662842
2192.172299886865
2212.779211595125
2241.5985055057504
2252.3667895622234
2287.2928244139916
2279.4298875641653
2346.0264787936776
2403.2416352910363
2518.4988991741316
2571.4038524356465
2656.7642360602285
2532.4311197600728
2536.179737662347
2516.820222953931
2540.1986013325013
2568.2840925693945
2698.117449871156
2742.729505666095
2774.843127197376
2629.058648411466
2768.8735321788636
2553.94662808054
2691.5316318963132
2829.092458904848
2891.479015306919
2955.233866719964
2790.2411469671993
2978.179336593883
3012.68099874659
3000.8510644404437
3085.322658324891
3088.822065710205
3152.0754603429973
3204.908723378923
3223.7176269360734
2956.9699895529134
2606.470399793043
2881.6954653208754
3062.2334962351415
3078.792183011589
3282.2699012608145
3412.6475472840243
3361.0640197903867
3297.2684799527547
3632.9067885029526
3700.7885430789947
3625.0912673096286
3713.706408044263
3992.356284963294
4163.983428451971
4251.00509905367
4214.150464445896
4332.392353000031
4410.299232390967
4169.490463034247
4440.393852665321
4400.456680023782
4744.01158056942
4564.439281933934
4408.749992245591
4582.749488853929
4418.863026745805
4445.37337604633
4172.3385429236
4458.917919739486
4396.442186473524
3993.0046405247726
4361.579269356822
4688.659821198857
4500.90028371071
4675.106508373167
4586.370909283294
4638.755431268037
4734.339599839894
4474.9870806141425
4849.455875966809
967.7713984094859
946.385468896846
881.3485366824315
975.6537950523872
990.2606436636169
1008.0244235030434
1049.5301211093588
1073.5319888418944
1113.3056157693595
1114.5957243045168
1077.521386807932
1115.5875243220423
1122.3600225422201
1135.844293332607
1162.1916287091983
1164.4010171549003
1189.0609004304401
1196.8901046624458
1260.7189738525792
1282.01384647922
1331.1474385711488
1354.807456260267
1371.0076735759608
1355.504262740297
1433.2397373185088
1374.5331718544044
1430.0979746632515
1500.7676555823284
1522.4283133143956
1550.2673098867979
1498.760913663951
1559.5771185152046
1572.3151021904382
1597.92529839727
1625.0271311190495
1649.8235048204406
1589.6429777184735
1660.3202467656001
1636.9850668839315
1708.697757120744
1767.0166526916216
1773.9604656907618
1736.8912234813147
1817.6472117797612
1805.265230154611
1783.947267223189
1810.0986771876323
1777.1980791510143
1802.9109168804239
1724.7488199017032
1692.9202666975773
1829.4045171373034
1842.7869953224717
1819.223677533888
1785.5432543447503
1836.5901223882545
1974.4630869973473
1978.4021898177389
2015.6589408470604
2076.489386751055
2123.2294955305056
2116.1999712806446
2097.199206330275
2005.047221070098
2089.420112834889
2113.948787368024
2147.7734638127877
2234.9432765134475
2230.638202386791
2257.630075334574
2275.0619543033486
2288.2677432211412
2332.213247701887
2310.664359996187
2381.6939375235547
2425.0919503266027
2535.182179398727
2571.0392433548436
2657.7048219152202
2539.077873045467
2535.781436280765
2511.7114694067864
2532.531972035985
2569.1416755279556
2686.0766234070365
2736.59961244076
2764.624782968942
2606.55983287741
2747.3745582746674
2544.8205562669054
2698.3840651632763
2830.9580319091815
2896.9137320820023
2964.1503241169994
2806.9613667693393
2991.7702898108405
3029.4144953326286
3032.257272625851
3113.449731430502
3130.0010573501827
3205.975649035306
3265.2855296987946
3250.669698266656
2972.7803033524146
2612.971567702105
2922.3099094183663
3085.4629713458075
3098.205316545924
3284.4575166036702
3402.5794549048605
3346.944843528528
3275.963131401833
3630.8355367238146
3690.579121415774
3592.276010051461
3664.9912835230034
3944.948863512488
4129.486163362698
4232.689260182607
4195.648009817788
4318.188389113543
4405.593515791327
4164.156960456569
4436.15116763295
4372.092640255876
4707.200802318986
4484.593515430912
4347.7233612084865
4535.825603335516
4393.234268422466
4398.500454981717
4114.569778177489
4427.801229345196
4360.499182499081
3951.835987279099
4351.940556725811
4687.758765381318
4528.509801898227
4718.1494370963555
4623.351627313193
4674.361702531475
4762.436622393166
4503.657448067988
4880.27987159757
966.6028918368281
944.7677356108389
880.0518087603825
972.042552604048
986.1063218509812
1002.4096394099284
1045.3810642618819
1073.8860561369515
1108.9920136180997
1109.8510763464772
1073.7675161757045
1111.2733561466182
1121.46020111113
1141.7993735427774
1170.127686499255
1176.7256954049424
1195.0300622900534
1199.4493713548384
1259.9319428957147
1292.6539076208708
1342.699965592951
1375.4530778487965
1391.4575051571649
1373.4086571335545
1454.0402733041333
1395.2863163313166
1451.9051732900157
1516.989773949326
1535.1240070252913
1561.184660963428
1510.5433428250544
1572.2284907203473
1586.4956552365277
1607.42292833687
1629.9620049967923
1655.773567048614
1599.5645042094573
1672.4489974044793
1651.3834068591707
1721.3413772536906
1769.4594617483988
1779.4695722093363
1738.5015545332271
1824.8820433953408
1816.2819836535773
1800.2282832041556
1823.805903023973
1783.7905202305315
1819.0191406701238
1731.3480279008052
1705.6160489979497
1835.7832306870782
1844.1099693893696
1819.0201218445886
1778.9519258125542
1828.7356403638985
1968.6922091950057
1974.0770694414077
2013.4898336590213
2082.956698851953
2120.3091516157688
2120.2666158055754
2106.413564533372
2027.1126280217131
2117.784992205429
2140.800167588037
2161.3648641665186
2250.3070593304788
2236.884497455562
2259.9913433553515
2285.6369722161317
2290.4478006424515
2327.448341427944
2320.46526812506
2392.326391188556
2445.2486439103236
2556.4836569627987
2603.8995138210594
2685.5731679057053
2568.9459268206833
2563.901166092426
2556.3708148429055
2590.20876336381
2610.9810984088867
2734.6530614196763
2789.8476051959456
2806.682727605515
2648.5277965095615
2770.615586412097
2559.133962792057
2703.798563251772
2826.0825397659078
2894.800486851346
2959.138730866827
2793.7215848659775
2983.5569163032665
3029.791957620004
3033.3353024810654
3112.8685490573307
3133.7115988759274
3202.96759198092
3265.148811440495
3254.656084983698
2974.783189064308
2614.867645071339
2898.7087166793203
3083.488926255839
3105.2516575650957
3305.0020612844733
3431.8907914577126
3370.905351534512
3309.1891156306797
3655.1083880851756
3716.904324914947
3651.576264729177
3737.614458894106
4025.353966100378
4219.300796103616
4309.154848578521
4275.583412379317
4385.57539868384
4438.084959920897
4196.346372834347
4471.671762248996
4416.317524023562
4759.526764881319
4534.913390154629
4419.683440492559
4610.751382361573
4450.203019326645
4475.623131339554
4183.223975596344
4493.825531562401
4423.764945444828
4014.2934280827485
4404.4456313898445
4716.068488202907
4529.338698391803
4669.27325487657
4572.172989603157
4633.095250642165
4755.1435119445005
4492.745495945274
4854.964281902876
964.0602053826855
933.9526503951774
872.3737567381887
963.6245472892988
977.0983474675589
989.0068028142825
1026.7928792322355
1049.7401016366362
1084.4396359824864
1089.2842128216894
1057.2782250815483
1090.4668958115178
1104.95345093687
1120.8176604241416
1146.4426460876643
1147.8921898507008
1174.9233765750132
1184.633663489676
1245.7734122599472
1269.7619494285902
1313.9674592836818
1339.6078452636173
1345.6783939081156
1333.0193573073648
1407.899333675271
1348.01972399713
1400.0830963389515
1465.2803742467183
1485.244482612134
1511.6007746193295
1466.3733143862385
1526.7304781073212
1539.6194287073895
1566.204769916532
1594.6834528230359
1617.5336434309716
1563.3054412339934
1632.868443597078
1617.7727838382614
1695.1252350841928
1746.42665663033
1751.5565952983238
1709.5770027814121
1788.2568390242623
1786.0306919434443
1766.828616693608
1790.2974629489565
1747.1485390462956
1774.8446875247794
1693.9319068311013
1666.3167980635224
1811.4357689212204
1832.0603947516356
1806.8981166263704
1768.696450906132
1812.01684733714
1940.37598304638
1945.5758502210172
1985.8764623242646
2048.492680599046
2094.517655069863
2084.6750788283775
2066.072191068646
1988.8159342174006
2065.605844684171
2094.738849309924
2131.987289351174
2217.38670133093
2211.202624780576
2235.5379832600806
2260.721381018657
2270.409450478179
2310.394018257747
2292.437368425376
2363.336973449469
2417.9379587068393
2519.9366771392984
2575.004458960529
2656.494397434274
2541.93307099813
2542.545844269367
2527.2269809135214
2547.2866625719275
2569.4883824509548
2700.999563824436
2768.8020437933446
2793.9394641939584
2633.940873357321
2763.006157999686
2550.5558331532434
2691.8100064762966
2825.4320132148428
2904.533390604188
2977.0909408706534
2820.5452490261546
3009.7886474017987
3057.868094668772
3058.097081587285
3149.166751464728
3169.776192780815
3239.9120712855492
3314.075104826126
3304.1288732991516
3018.5034471999766
2636.413211070614
2918.9938853851854
3094.76151033484
3131.7929726978336
3334.5408834066557
3457.5461052715027
3420.165332260087
3353.2639797354664
3725.1230609558293
3765.996950748532
3673.125508616769
3750.6768414843677
4029.5142649015124
4208.507458741502
4322.142675788216
4282.3043241263695
4391.687989360785
4457.723004473032
4211.026093893287
4484.514535768632
4446.376598508075
4789.595391363162
4584.686655895279
4462.229068960307
4676.325547561693
4530.344468415875
4519.479214537976
4253.425663353957
4545.1884964273695
4458.493151193228
4040.833640565475
4459.785764699
4792.4743197893895
4586.702316114119
4744.85105427841
4676.37715935862
4741.4500526994
4853.93490123051
4575.465295137892
4946.385093322501
968.7784433883044
943.5510856461275
878.7784499168621
973.3102882618224
989.2185942192478
1003.8787079430232
1045.4524821742668
1070.6178254933718
1108.3736835581965
1111.8869707046122
1069.4155074986243
1098.7039621576698
1111.653520556761
1131.5772651577226
1158.3308701730869
1161.3785377033178
1190.1669634129285
1198.6821289045508
1254.653951564528
1285.2842928902826
1334.2487866499077
1361.7472993340273
1373.7587066976264
1358.22019023935
1434.4898571969136
1373.812748779869
1424.711395601532
1488.8926868359283
1512.7442447270541
1538.4404959397298
1480.303956899789
1533.3262877787488
1550.5968177575282
1573.2413775444195
1597.0129997324937
1617.0193760831667
1561.8382594419954
1632.3306599389848
1614.201439013613
1689.7507656455557
1742.6238998623028
1751.0159538031623
1714.8926089270926
1797.2208491792037
1790.2920757632464
1767.9620412812897
1792.127972231421
1758.5401515373042
1787.9016778719963
1712.5775364722074
1679.0444225625783
1815.5064661322629
1832.2893774286997
1811.589693520977
1774.6460999016913
1825.5458004462091
1952.7283148775277
1955.3742378722
1985.352790912303
2050.6172159753664
2104.2879763219
2095.765215272424
2082.2642886539866
2008.7724052627407
2092.2887213963627
2116.1281899066253
2156.0010114446036
2241.8835397996377
2233.997970286904
2265.172944520981
2288.284648234578
2296.676723427984
2333.7379608801193
2320.8640722255946
2395.9194776687673
2452.8581411251557
2571.316273339495
2615.6272911503993
2707.0226024241056
2590.962520226385
2594.541792985963
2562.4593275072866
2592.1849411849194
2614.1320707454643
2755.921119096522
2800.2917610235204
2834.2150242920966
2690.541327852051
2816.5788386169465
2607.4129605046505
2751.025568960112
2888.387804352302
2959.3532615616955
3030.5416372962222
2880.0867713114535
3071.1565886793887
3115.904149501371
3109.956278868949
3193.871040511176
3218.142268299875
3284.7302768369063
3346.800376168326
3340.793383585634
3052.127955297056
2659.786695324387
2961.6333880851935
3156.6243172638938
3173.4084390478806
3393.865636316874
3528.5463133669937
3483.8296004981066
3414.025784261174
3767.420701026037
3823.219776355051
3727.655958180179
3835.3903363248337
4119.2904628331535
4312.52523477157
4434.8215079970605
4392.620152598713
4504.4320763409
4588.970176792446
4348.164773137232
4680.078802555367
4612.130310432026
4954.34067007972
4728.586575257031
4588.471171975135
4767.9172112041415
4647.480696821443
4627.523622410715
4345.930617043831
4653.475744723514
4566.904770295188
4143.107732670918
4554.958063315711
4908.985374305518
4719.736111288004
4878.726648710694
4778.278571536413
4843.378822772789
4952.020578579424
4688.286891982788
5098.726996570359
967.2822008810665
941.8356839005465
876.9805051752379
972.0994784045315
988.6451113279693
1003.1394662431344
1037.2050705553647
1065.1578434266999
1098.5467533278509
1102.3172452147744
1062.36846901831
1094.1967000848313
1104.1779264580102
1125.222594129409
1151.2907364630369
1156.5705345431504
1180.1108680852922
1187.6805144404655
1247.7385281153836
1280.0731117802118
1328.0821667479395
1350.9791681033996
1362.0912579954518
1347.9920661394397
1426.233255238161
1366.0870863531657
1418.9996212713086
1489.9816216323152
1510.8122169304168
1536.4048314550316
1485.9567033030517
1545.5465251235687
1566.4698963763412
1589.9002270136616
1613.5217208362853
1635.7765706654943
1594.0656647499334
1667.1690926115916
1646.9684123011366
1727.5374857578738
1788.580945935782
1789.8565032968202
1750.218007379484
1835.0595126772557
1822.5442476179783
1799.6357638414881
1821.8269335930142
1784.9666991930148
1817.5785270133501
1734.6834620542884
1702.1105372247455
1843.549967770401
1857.3156757537085
1833.725448200408
1792.105341462176
1843.530535510289
1973.2669983861153
1975.5748143559576
2007.0690230854048
2065.7674574452053
2107.497653928294
2099.6351889558923
2090.1419387074784
2004.2975672954585
2079.367268989669
2107.645426346383
2142.018846059198
2227.3876645598407
2221.1924810727733
2245.9683650515954
2268.8200989038874
2272.703931559047
2307.301627093798
2282.875401475488
2360.0849504085268
2412.304593866727
2512.133129956487
2566.444760441792
2636.0895039655443
2525.4179849987104
2517.17517270995
2489.9210902999944
2512.1598581467892
2538.012315493061
2672.1320543200536
2734.8600896787952
2763.5587655243494
2619.83552144994
2744.968572821241
2537.621440753874
2678.9420274199797
2808.759782559897
2885.973220334
2942.1234413215707
2799.007737366746
2988.840178572358
3022.9805692839927
3038.462098486879
3118.2165603575986
3135.559198366129
3205.7155231505726
3267.3928632673524
3263.242358237779
2975.8740527236573
2628.865006753981
2926.945549716423
3109.585982175347
3124.415507728504
3340.105494450905
3476.0982491823866
3437.0624557152214
3348.861249268225
3690.857835801237
3744.0135769770886
3673.83779825656
3757.841028572
4055.582160485614
4250.282829836476
4372.405962666721
4335.19609155022
4426.428170344771
4521.178196850607
4276.790189339676
4574.9098375415515
4544.752309068792
4902.867492522734
4630.1032162368965
4493.1018132513655
4664.522390152563
4504.462592439795
4476.496830642397
4195.605678871507
4500.908348205138
4403.327851451855
3994.2226658877994
4385.575040274532
4702.507535039151
4520.252372983124
4683.707730563361
4596.0919297948485
4668.588872481182
4787.753554163768
4524.29895334545
4893.290640558844
967.7113468425159
944.237338854359
881.144089328756
975.5877052674481
991.2092589835272
1007.8134534719892
1047.05802916198
1070.873414741867
1104.5812984593842
1105.228940396633
1071.8883498626756
1105.6296404384282
1120.8430348210516
1135.3317461021904
1165.8993315226212
1170.3759820563212
1199.5972455495257
1212.1090849432908
1272.3288056595468
1301.3800854085914
1349.585900450734
1378.1361562690122
1394.9431695281337
1379.2295944852615
1455.1560318419195
1392.083039656308
1446.2071892085542
1516.4853363487841
1540.6104733476354
1569.1901774140126
1519.14849714967
1577.8189150927954
1590.1031509509737
1614.795396914336
1639.3342408027106
1662.9696901200573
1613.7805127432339
1682.7431916408746
1662.316875060591
1733.089745028678
1789.0186071919895
1802.6191244480885
1754.9935846381502
1843.869297182202
1832.1131912728965
1811.0479790238094
1839.4627416041592
1801.4316752574248
1824.0411759428187
1734.3338629965278
1696.776899192523
1840.263214724902
1857.1734193111704
1833.5142556576395
1794.1337286803996
1845.2035749994216
1979.4142038750367
1983.2740842554479
2024.4580301036467
2089.7633197058612
2141.084678993468
2134.281830108467
2118.256075163176
2033.247036660652
2114.30418471151
2135.7012888335466
2175.2932576847234
2259.0728675223563
2249.1966481828213
2281.6038589485015
2307.4739058987825
2314.5634379659136
2350.9509871653495
2335.132053169854
2409.116990938516
2461.474250585861
2571.8865642775045
2620.548509064821
2704.8181273544337
2582.695442389792
2578.1398358959464
2557.898139632801
2583.9490762630685
2607.4559586904907
2730.278641408257
2782.1689939095763
2799.8020769982645
2649.314296035636
2786.039827710557
2573.369515097849
2716.5268409018868
2848.282842738374
2925.5124217197254
2995.2937616868917
2854.0436123874947
3043.2353053643296
3083.534815697002
3088.3047120613705
3179.910289046095
3202.088012580007
3278.586265431597
3338.474740491879
3319.156716450419
3032.1335697272825
2643.053247333932
2963.5412458486567
3172.9867373896004
3190.2112978098107
3400.9310818558215
3529.3589946935917
3473.118688266763
3398.4364223355806
3783.157096486139
3845.310515201777
3776.0141602016133
3861.54817563768
4157.956407939529
4350.715708158455
4457.266415045253
4416.562769211419
4534.197859679188
4618.42250034384
4376.670730387302
4657.3022237764835
4609.227822199195
4972.420377945543
4754.189596718136
4604.088690367473
4803.781084773472
4657.364291887482
4653.594115810679
4363.237180508984
4645.458865221168
4555.793563678388
4121.007122140718
4539.723041317657
4888.238233889387
4700.093311892724
4892.287454616068
4765.055535441331
4839.404330494389
4952.93401623172
4683.783349042691
5097.099283478461
965.2521096383526
941.8400793753849
882.5556480402563
977.1231556293424
991.4609334644431
1006.1724748312024
1045.184681554688
1069.025784334588
1106.1518426320918
1111.328551150942
1079.878404143763
1112.8618364496522
1129.7382214551203
1143.8662471824293
1170.614592560523
1175.2412775914995
1198.0707008102934
1212.9443382742159
1278.3261973703272
1308.872239498634
1357.7932735967838
1384.7949936387101
1392.4795921208959
1376.4674047160013
1455.093747894733
1395.415204343098
1450.6259336315486
1510.2957417409914
1534.8543116177761
1563.6928911859077
1510.4440212027796
1574.3145247260568
1587.9484788262014
1615.6978789040477
1639.2991732241424
1663.549881084446
1616.555311409467
1687.6927775916554
1666.199761587057
1738.0101742001996
1795.8330946239203
1798.9023780560804
1765.1110926910926
1852.9614969421273
1845.9508958589927
1818.1275556937535
1837.8680191036804
1806.304591769291
1829.7878823402398
1749.8539854947544
1720.2536476918328
1857.5323076791187
1867.5234689708368
1841.7542691688516
1801.675281323453
1856.3159830461593
1997.363087009456
1999.8291669888363
2033.5236576116463
2086.1287834623777
2141.408152704638
2143.9876951585147
2121.3178518962077
2040.7719752681833
2121.0497302743097
2146.0596797367293
2176.6571028829917
2267.964827524963
2265.6737018883637
2300.9181697601116
2332.8356528215704
2342.5138646284554
2396.587401617155
2368.890498522303
2453.6626732062246
2499.7076335791085
2598.2361206229184
2645.343046711287
2736.364562513628
2616.160942788306
2608.310202609866
2585.841225998448
2594.7512476963607
2622.5178831671915
2749.2778386565033
2803.8742375861398
2828.9415834807005
2676.344762320035
2813.247042936681
2600.3962195403415
2756.905971432673
2890.4874049619025
2968.066821497937
3024.107259800725
2885.705080909024
3083.6519763081865
3129.119035106722
3104.382755762733
3197.152959664493
3211.8493129756785
3299.8139718803795
3368.169684349696
3373.960332392497
3086.6239125533166
2693.9452829050397
2988.1548389191485
3162.3255762218732
3178.1021213417075
3391.0279731384308
3525.387649332287
3480.434083860263
3416.3037755802543
3769.2514161895183
3815.5616932233056
3722.463336663875
3819.4250774431
4129.805463330227
4328.168130479283
4413.711154723882
4389.792772487673
4507.68799770268
4578.542523249329
4347.855946830296
4648.8475477589645
4590.7747093322305
4936.967149238625
4692.044394606805
4558.851700090388
4748.652881794986
4590.951075922189
4576.841596689378
4307.551794810534
4610.466699671701
4518.56848698394
4100.45528856179
4491.221695850982
4826.095066760947
4617.920313607053
4764.4486837659615
4683.502698492635
4746.074429653119
4853.478001085514
4565.766105432039
4941.704494681608
970.4868642532596
949.3414548865543
883.6689456269545
983.6640942773628
994.736819635888
1005.825049507929
1047.4123061126206
1075.9501431438202
1109.3953460284094
1115.828965908799
1079.5464074135355
1115.9798760667884
1129.892014880842
1150.75655469075
1178.1993440996073
1177.2024394410632
1203.3606716104598
1211.1453553843296
1274.294751269265
1298.1368830825638
1348.4351755108298
1374.9691607710865
1391.4571161605584
1378.6720239088763
1454.6254022214393
1390.3468057688617
1446.0781123811516
1510.5232239750796
1537.2524528535616
1564.3223490194916
1516.1580579412762
1576.0681652471353
1590.1579341252784
1616.3335737492484
1647.197388474503
1672.795120187587
1616.829513588912
1688.6909875569124
1670.6175160744679
1750.342632423523
1817.7057071998618
1827.7010912052235
1780.6369124098605
1868.7864526378087
1861.0509588613147
1836.304465559495
1862.4795192709312
1825.1000147618927
1863.149364228627
1777.2238301664866
1747.4827004230767
1887.6799641840753
1903.312822274471
1877.585461810208
1841.3089102283786
1899.4445909800256
2035.952233212439
2034.9619648502448
2073.270073804748
2138.639858465591
2179.34757354313
2168.894661789809
2148.2174345080757
2061.5431411939735
2130.2052193650757
2156.1006225737633
2202.085008187201
2294.569595989515
2293.424130636126
2320.8214487962714
2341.2605920121023
2353.489995799049
2395.0281814211744
2376.166656441707
2457.200983576139
2508.3867595898305
2625.4548512842966
2678.5565107422462
2773.534436008357
2651.123531740478
2654.9887912914687
2630.8521092681463
2661.1953422145466
2687.3702946183403
2832.5766578737607
2887.7411090217665
2910.3572202299206
2769.120013280015
2907.827664361377
2686.1850992596733
2843.8836688194892
2979.599449439994
3050.9164400804293
3115.8104236303184
2967.962165552285
3170.904997643518
3208.478005899832
3215.539341893309
3297.9799314596085
3306.4951943832157
3397.7900841498217
3457.909770735855
3444.601882138424
3150.6573281542787
2789.5117258944274
3105.320497292965
3299.3556259682978
3312.125609283037
3541.164107350522
3685.886665024166
3642.1023985985585
3562.7086917339784
3915.3058090246527
3979.01097094231
3887.3354292637327
3968.6384811557427
4262.36396918819
4456.024465745479
4573.301729900194
4525.563996946603
4634.397444255307
4704.942742336725
4460.583815550412
4760.531334929767
4697.1594565045725
5064.640087430039
4828.188414122752
4659.847464500388
4838.96991402107
4689.994743958445
4678.781257155666
4406.152803671584
4711.980262287907
4620.92558592834
4194.162891061709
4603.527254756644
4948.543164890422
4761.399849678255
4948.910769187374
4842.983820093199
4902.56293348693
5017.347287517742
4754.065196341303
5137.383164351154
964.5021774086526
936.2771618105435
870.4062304680198
966.6018375388007
980.2849603518584
997.8549440403906
1036.3850097425761
1060.0386016614618
1097.2338674927405
1093.5678275464568
1054.9851647691885
1087.1441762582847
1095.5426839970887
1108.3481219092478
1138.7505132673518
1141.8594382447136
1168.1474975435458
1178.8386110920992
1237.6913374712074
1262.7760282499787
1314.058855415279
1337.1726058583608
1347.51065333439
1331.850780785667
1406.7465459708806
1349.2858099405908
1405.6338069061796
1466.6141384683035
1487.4841396864424
1511.5582591724472
1461.627759550619
1520.2936357521269
1537.347520449356
1562.7103729532598
1581.7464951617694
1606.6422726478106
1554.8703461073496
1622.3608786605744
1599.446298256058
1670.5026998195833
1720.5754540205448
1719.6609995288518
1668.8025516794457
1753.3803672600445
1742.9165731784312
1716.2947017851359
1742.4266523592196
1709.9883203386762
1739.8792169935916
1658.3804685324596
1632.3183813767957
1771.3153942204
1783.1574054094017
1769.8955511322467
1732.9208009720305
1780.9452143967806
1912.1446042851605
1917.2789495573095
1952.7456010721999
2010.9266475394215
2060.391465721361
2049.6212616619314
2034.1160211158924
1958.4795748908543
2039.414991317281
2064.3561341552536
2099.0978903868777
2185.142725921625
2186.894018963878
2213.512217300923
2243.9513905974304
2256.793286340421
2281.651135144512
2259.074589711319
2340.858916231594
2389.3967865371483
2486.8379081213766
2533.1233442635753
2614.525286073738
2498.492199888247
2497.1229583649842
2474.555327818566
2506.559637310577
2530.0534213895007
2659.550949441051
2722.1926192688675
2756.2021408985165
2597.128477670648
2727.742322063551
2520.5231636275407
2664.5620672420387
2791.3074727036014
2857.296799605637
2929.384243795144
2777.5327037306815
2959.987684140425
2999.344683744206
2995.624352147743
3075.655003261596
3090.3363520296784
3170.5424896005375
3227.043209842567
3214.6346514855836
2934.58667230252
2549.6401880667995
2843.605044022951
3007.137638048544
3020.1248482143724
3235.8092573595086
3368.1686445394707
3321.45721806103
3233.8723456506514
3567.1009239490613
3603.367271992079
3508.3780564112217
3579.8079250575297
3864.179106698653
4033.72559613883
4141.454309506172
4105.369691195614
4218.846500892725
4294.567056841344
4090.6652682566337
4376.202828406606
4344.80716924984
4695.371701113007
4500.248933015795
4337.754244926512
4496.585587980156
4359.06605463539
4371.543368243623
4123.083999725236
4393.629468999828
4302.636687363554
3907.08499381774
4288.034110695106
4602.366808783998
4434.914908437931
4597.351432711778
4492.636099289432
4541.606313902197
4641.433515806845
4374.407754756307
4741.160246006018
964.7210379184364
937.4182231389531
875.7166159116133
972.6794954835689
990.1103679514786
1005.9473769310345
1042.124071412409
1069.923796009697
1109.140834354699
1110.288885570187
1068.6528677480558
1104.356931216139
1115.438227610721
1138.1564269172127
1165.290663253199
1167.2776690097787
1190.0878496580813
1202.1516136400717
1263.567441676731
1284.2652346555888
1334.2971398589864
1358.2431954172935
1371.8456251455934
1358.970284862467
1437.810185996887
1380.291650556557
1430.997540376436
1491.3738222018394
1509.9270616306212
1537.0132613992541
1488.0018325678193
1542.9554158300323
1553.3688533443799
1576.2144834280225
1597.5206382550098
1623.4012690878633
1573.727879493305
1641.7787791384392
1624.0521998259105
1696.5464256613345
1752.7052450134786
1757.771055321354
1710.7379212092017
1793.664288424549
1785.197914943643
1760.3902114904054
1780.5869225165077
1751.2559566011819
1781.9387511796892
1699.4357060132875
1672.4386757826314
1817.2677880865228
1828.538710028287
1794.5295827380842
1762.591651581855
1810.7942255032622
1938.812160939555
1941.6083351567281
1977.8188165120553
2031.4033682957872
2081.7056003318667
2082.80289515734
2060.880458422489
1978.3822932554567
2057.694064845541
2082.448772399289
2114.585735885356
2200.3450279793346
2194.631172625699
2219.3400895124914
2248.1154593192555
2260.2821289186286
2297.4483767508873
2273.8318876857047
2355.107737144921
2413.088799233088
2511.572489284992
2585.4396467302586
2659.8309847464666
2528.988433830514
2530.4959733894025
2499.76124795299
2532.8809244195577
2540.8467056341105
2663.669767336592
2720.7525852153562
2746.424858716901
2607.2419151622603
2738.5175223112606
2535.962262982028
2678.5984133132883
2808.562677792953
2886.1959113653356
2941.4378339783025
2795.1792906355167
2987.755492091219
3020.142269736856
3035.2742430404055
3110.7533118763836
3126.1782332422904
3210.8007354408846
3267.1619043836213
3246.3049755163624
2956.4531061250973
2617.0155302000426
2915.9089704475036
3103.588005223915
3134.4707148457037
3355.7637292919535
3489.3097697180438
3441.7965794038532
3365.070938140024
3713.2418228348547
3770.0774672041925
3674.839353558176
3772.5489384447023
4071.418169942212
4239.671228979865
4363.068362577962
4316.363129661591
4421.999627564899
4494.776105055099
4257.951221923877
4551.6442143733375
4510.385982731451
4865.577998434308
4613.011484718411
4468.900257387703
4645.717111982164
4495.867561748837
4477.651739792406
4235.673992893469
4553.485443858739
4459.628932562633
4052.686992285694
4452.8153663082285
4801.716959697042
4615.953204368093
4776.464647520436
4688.578351623861
4752.342475687914
4861.775584812522
4591.184117038592
4993.556255696625
966.6164204394739
934.712543166584
875.8671224441752
968.9706462625567
984.4720437128378
997.8451883999595
1032.7385867657974
1058.6629553011715
1093.6754159315626
1098.233930872559
1062.5993027640077
1094.0609222177413
1106.2135523117943
1123.8285745042238
1152.5337644401338
1151.5323667927844
1179.8111050399177
1191.9126989514568
1249.904002630531
1273.6723222387764
1324.8097500257825
1345.2192195231717
1358.1637592072288
1346.2921914029428
1425.4100003156746
1366.8286529960874
1416.443879981059
1480.514846385086
1505.1057446578766
1532.4899320721645
1485.2265106813197
1539.5242810908767
1554.2624758681434
1577.7659512050345
1599.5826142191017
1624.715516934948
1573.055507120205
1642.2332824734247
1627.3464908626079
1703.0861419171479
1769.8301340994044
1775.1264233302015
1730.6174501762016
1814.2155168518225
1802.7658448058985
1781.2756898395808
1806.7409617772464
1769.8176410367735
1800.854650518779
1721.9592771747814
1696.8444806736077
1844.9024060689983
1859.1259227182866
1831.5036300119482
1790.7297634699644
1843.3410562996596
1972.790627209388
1983.6684547099344
2023.9165534842502
2074.8657281278206
2117.179232552689
2105.7148409103715
2091.066536028821
2007.079208187995
2087.8031816158805
2106.5093491989774
2138.3030698737184
2225.7309612250665
2228.230336817056
2250.0530486295825
2272.321877854111
2281.9876724258534
2321.706249502004
2303.2452122938207
2379.6064165313023
2434.5904175785067
2535.588680067547
2585.365587672186
2653.5594884837788
2532.072602911583
2529.645417514303
2502.3782979134835
2536.9033392266037
2560.94733471131
2688.977959624026
2743.6878179006108
2768.721462122882
2622.322379777187
2746.5593388100556
2533.661545591797
2676.9036228041414
2813.1539340295135
2895.62249421623
2966.9926085517936
2828.072327636569
3021.8629224966376
3051.4257260963655
3041.498356679328
3120.9347843666887
3132.0362266691773
3206.3920111202974
3271.7932029237004
3275.9019555625378
2991.9567382875935
2596.3375129528245
2886.4795254299747
3053.7865329332876
3076.2020096723554
3278.6034619333454
3411.3994031025677
3365.121334180758
3287.540012469526
3626.9417467704448
3674.4908371751108
3597.7158762248546
3668.4479141247375
3955.9082266057135
4128.262173210869
4247.889536289648
4194.575629991956
4299.469023354244
4373.592431225395
4147.454602529067
4429.30452568147
4387.332038120809
4720.018189946006
4481.445149974096
4370.181763909909
4534.0784952901395
4380.75141119527
4400.569697008194
4106.998719890171
4429.182946973283
4345.578534204162
3934.749989801997
4324.513753081899
4629.196374992632
4444.60417693299
4586.835953343587
4473.354676468321
4548.462604453236
4651.814857371995
4395.644713923257
4760.657432029171
966.2683782827905
937.9089018293774
873.8938172737085
964.0180108069527
977.7903165608975
989.2997042490713
1032.8552463676249
1057.2411487727666
1092.147483962204
1094.905844961345
1058.6898533079889
1094.4228043552357
1108.40553117286
1124.1892079139006
1155.4932552762045
1154.690972793447
1183.6752435736487
1192.209628377646
1257.0152438537539
1278.3568369924137
1326.5239510243755
1354.655890567607
1365.2175213753474
1351.1033041513565
1424.6412611409935
1362.8385428973206
1412.2321976586272
1471.6912116263898
1485.6314772809044
1509.4783391412896
1460.7514853936925
1509.97372632382
1523.9331558852002
1546.8500309049402
1576.6614945572192
1599.6063449372687
1547.707930931625
1613.2825560139322
1592.2506631577241
1661.9067233677654
1714.8144192760708
1720.776968687757
1676.3358149085525
1754.217029458767
1744.7567984822606
1719.116626394841
1741.5559740979318
1708.6553201154572
1734.7525394371846
1652.4236332881783
1621.8667555102465
1754.0851988622512
1771.6209116418975
1741.2297685433884
1706.493054832622
1755.5643912949538
1883.951662681245
1888.399000564507
1926.5495578374628
1988.1709798177699
2027.1368708309997
2019.2009790267114
2001.4943679841945
1922.744641687352
2010.1679185369953
2034.0552863574746
2074.5890348453363
2161.736521734252
2153.3539700321676
2184.010715732739
2214.6648450014086
2225.7101267152652
2265.9299416646327
2239.229979816014
2315.8454750939277
2372.057459766356
2480.2205607097503
2523.6749681308315
2610.8927815486245
2479.003927312845
2468.8959284560783
2440.0867520876345
2476.023492366262
2494.8684484624546
2618.2399017690645
2666.0317585716157
2683.594069115826
2524.3615905649553
2649.221820345641
2453.062032583713
2592.509394179323
2708.717272107042
2782.706072071462
2845.873509899267
2701.56136312882
2894.9321203448308
2929.7690371818862
2927.694592586171
3015.378296504645
3028.741148563693
3102.9092125135394
3160.6265577996155
3137.8383308298744
2862.8059443430325
2525.527958500569
2815.7462244784574
3011.043924919932
3030.965163011118
3235.7038534140997
3353.7422165370094
3313.5843871917764
3229.1061947694366
3555.268130407519
3604.0594267358315
3542.467245701268
3637.407093695403
3915.0818614936807
4073.9483077358736
4171.6563471044365
4133.53166393184
4243.864178144868
4306.5266289342335
4085.045405438306
4355.9652751239955
4313.473417039281
4659.601816369395
4425.6958979770225
4301.427897720019
4436.228573547294
4292.83481211102
4288.908506130754
4033.932627610089
4305.489262890135
4224.236428733443
3834.370829414911
4184.337373423961
4488.898383866126
4317.642706726547
4499.277527951223
4373.982996322313
4417.509860675102
4518.3780480908035
4258.407328102636
4612.308109529309
970.3564515252144
942.4358673471597
880.070417304941
978.6077705647721
993.1556062241382
1010.5012577160754
1047.2711863196894
1070.4561754491704
1108.6148273376446
1104.2388065576586
1070.3369010269853
1106.0374448533091
1121.7262489238856
1136.0395854658614
1164.6305358863146
1166.468094352569
1189.9143919335754
1197.551914234762
1257.2749634414688
1281.4589095180916
1329.9665819264326
1353.1318553186156
1370.6807411477243
1356.8732698225444
1433.7829657872737
1373.6351203292943
1429.2940560646314
1488.8649115663397
1506.5725300189476
1525.7498139686923
1478.8280859110105
1533.8301297493235
1548.4372542409465
1575.3722480278266
1600.0194233621858
1627.262657745901
1572.4388888541796
1640.100403003685
1615.4318401490186
1693.885198081004
1756.2207365475479
1765.3672771214756
1725.5716219938877
1801.0433491930582
1790.3486499038365
1770.621496138525
1799.8710923779172
1763.6021669340028
1802.2085278809868
1723.3617332124086
1691.4119495563098
1837.4623975831291
1856.072682948548
1829.9869554811482
1792.2789218782293
1838.9940489629776
1972.278736623697
1976.2431630605877
2013.2041455766007
2071.5873438197104
2122.3984739370444
2113.87736341022
2094.7225202864624
2012.720062507795
2096.617451504171
2124.4121914884686
2165.3089282660094
2251.487364352219
2249.924177156557
2284.0693962718046
2306.2310868008435
2312.9803874073023
2338.945409718549
2322.8953023151917
2397.702986176552
2454.114937131725
2557.9417699552782
2605.7965310250847
2681.2023724791907
2560.2286780078457
2553.546795572964
2528.391468480397
2559.7694544959118
2580.2448269223587
2707.4171709934667
2758.5515055459323
2780.1691523645964
2636.2879334817208
2761.479587545695
2549.092601248853
2692.7119387945645
2829.0592993526143
2904.6133051408315
2964.360796543097
2815.2407387069634
3007.8436763736395
3046.1902799140794
3048.0332651903664
3135.305969578791
3152.043486967847
3227.772383520566
3285.140062972317
3261.128874384729
2976.784871124696
2621.1745661299387
2907.1548033880563
3080.525765827082
3096.008640353989
3287.3317570575286
3409.1554455240084
3358.861727599345
3284.380359161013
3614.8474269115122
3662.9501693248485
3594.84479871197
3693.720571585245
3979.1322877670814
4153.286293172769
4270.420614653425
4228.508437592245
4346.834732327226
4427.633589995954
4188.4627287689
4476.6375379385845
4433.839064775914
4775.847383636889
4513.232013559671
4388.91263603527
4551.92388647556
4381.3394279570975
4372.729163295036
4097.316911968903
4388.00816324223
4306.615405008909
3921.430473847262
4316.615542242441
4620.945181844618
4455.0371764303
4604.4439937820125
4500.813177008611
4537.810602303264
4659.345007999823
4409.7813246644555
4793.963046351278
968.0322913933317
940.0042714161862
874.7207108772272
966.2940161882995
978.2886413737492
993.311086548949
1028.8351260084632
1054.844594898373
1089.1998119205205
1091.6730970974866
1052.0215976240152
1085.5086622321128
1096.490010413203
1110.9877497151376
1136.426988491332
1135.3706322026421
1163.4837797273922
1173.6419260452503
1234.743368682195
1261.9374013930399
1314.0150694920255
1335.3957321568705
1347.1629006403425
1335.4487864193216
1415.2650886684844
1358.3182766024454
1408.551890235031
1467.6174091899609
1492.6689069601064
1515.1798303470537
1459.3011083354188
1514.587711531215
1531.469951534738
1555.1637328202723
1581.9320981803708
1604.9435008224912
1552.5661725009443
1621.3532568478608
1603.9896798591813
1678.902180034972
1733.8371898598875
1739.7511477226715
1695.8405031896837
1779.490529516207
1767.2274849325613
1747.0271234355635
1770.8771689366347
1737.4840122055318
1771.0799236212385
1683.9572799816722
1656.0509823133539
1795.41738767823
1810.1217044000648
1786.4777334710154
1750.5418183766626
1795.1996876874055
1923.0485702106478
1934.1095251182114
1975.5606693512043
2032.336514552274
2083.214621362235
2073.0990827866253
2053.7598382504325
1964.4463823510998
2050.383689786041
2076.6943241749836
2113.3703392811044
2208.230752337451
2200.5555393145014
2226.9031230624123
2252.3475297264345
2266.3658938284325
2304.5459385814997
2290.6310847523905
2366.2061108831817
2420.7929186092574
2525.8000934044926
2589.3986672120955
2669.0181162040158
2549.877559380328
2543.9803490433737
2526.572864412466
2556.1001963543436
2589.1055971533483
2720.5082400467604
2779.6108047554676
2801.109837300678
2653.156763404228
2788.4802056891426
2591.742689918335
2746.72325494033
2877.660440016055
2957.4159096502185
3029.6635735587906
2865.503854378882
3060.4440312164916
3102.0723488480935
3096.774903675555
3176.1591108735697
3180.846324399043
3264.193780378923
3322.3438164674767
3314.354373310183
3035.072031817335
2636.7359806231966
2926.573793945687
3123.3343488348937
3138.071057408051
3370.487284678176
3485.213713869831
3437.930714837777
3373.875082252589
3751.3768510586406
3813.668888521327
3728.188095805539
3820.0608865987824
4135.913320105543
4318.551630990077
4430.570820626053
4394.981233488336
4480.95658301745
4560.113870090878
4320.564689449382
4586.443042470945
4562.225824379164
4904.761575037113
4651.855903654589
4554.232288028308
4722.88945945746
4583.546771246608
4567.011936573223
4302.525016292955
4613.078620831867
4501.336169327859
4089.5285842610747
4493.784746392957
4824.030041589579
4643.519467636902
4820.003974333946
4704.801060021088
4764.45146783186
4877.837771645523
4608.702322134078
4977.504575396777
961.6475387849536
938.4216950970214
875.6400505835898
974.8335814936006
989.875399167907
1003.5037984972028
1038.2000763992116
1058.4349108251815
1096.4452066412684
1093.8506190856367
1058.1009945186076
1096.5922870618156
1108.6817695514344
1123.2528825900013
1150.456727843927
1150.0152661148218
1176.6002852776578
1187.20521391453
1247.1673533387698
1271.3414521209363
1324.9767416102857
1344.990014244506
1360.7693016765731
1346.9820473067439
1423.4775114326621
1365.3360652509746
1416.9271813968492
1487.6018920788224
1510.494040590437
1537.5467906129643
1483.6209813780176
1545.7804049537062
1561.1147724923271
1584.557980778349
1608.0410537453174
1636.3370735084993
1579.7790950258398
1649.7656351242035
1630.0649613669605
1710.9140583329313
1765.6444132804938
1770.8292234129347
1726.918363935673
1814.7925513691582
1801.3424074464776
1782.4907948077548
1807.1944779841226
1773.2113425427729
1811.2478593197056
1728.4113096012775
1696.9707172692824
1842.7488179099205
1855.1250388232766
1828.7182379851774
1790.0509182640967
1838.1465442682736
1969.2860485585834
1970.5329287582588
2007.8925587160784
2076.6470922886333
2114.424897836405
2111.612100687193
2095.259280495429
2011.292312130712
2091.5710171415667
2112.8890182935443
2147.5050237077103
2235.8804146298426
2228.325938891223
2260.409314874107
2287.359285815485
2302.1832083598897
2342.6753221460303
2324.1867025605875
2399.7953218308435
2458.2882487486704
2569.409195929469
2625.3947963464443
2709.030050809255
2583.00658459083
2578.1434381483296
2556.7993598865983
2580.6971233125323
2593.314323758567
2729.3087528787128
2783.869962700161
2808.917253344795
2668.7912611843167
2799.1003762424357
2588.2054531269096
2733.316965343786
2859.364320833936
2935.30890998491
3004.6045717212373
2847.7545981617964
3044.4521239743476
3085.2114326596
3081.9815670925436
3169.527228825904
3187.528135618893
3269.439604927161
3331.5727444889812
3314.038944337255
3022.1565791703683
2665.0532701741713
2955.6502106265834
3150.609350300558
3162.635541172813
3376.3259796851303
3491.209390755293
3436.8514527413454
3369.8764250593217
3728.1936777440887
3787.6447030185323
3705.6328084170623
3793.5369894798696
4080.5972172871247
4277.0506511538715
4398.072220127558
4374.145579892636
4481.916702065553
4569.766469977253
4332.306858915548
4614.72174159937
4561.540725334577
4909.4481074732685
4670.4230576439995
4546.438768040971
4702.930716837879
4579.328589897238
4586.468348028371
4310.981568603361
4626.389533040222
4539.808970365005
4135.238292673412
4532.137953820909
4865.845443803142
4671.903156672803
4877.47867898369
4755.085246205277
4822.289501223567
4935.12205980873
4661.568070422777
5054.95337809622
965.4092230465594
941.1430372728884
881.0845131579945
972.2268791681345
985.9292214574762
998.0404392874194
1036.7015297378496
1060.4323672069802
1095.5062857014057
1096.4381245334773
1058.2448904875666
1094.1070763966404
1108.597551958305
1121.699653616302
1151.7582493251246
1153.8610360417665
1182.923506692537
1191.1539321093064
1254.6906805170222
1283.1126915421823
1332.9311646191
1360.8647360392115
1375.450359318598
1361.064717866921
1439.22636767685
1375.7665618900219
1428.5450198196588
1491.020584720626
1510.9268762544507
1538.2900043569211
1484.7881255264313
1538.7864611113519
1550.7563637321061
1571.087642878899
1591.7695731329725
1617.4229689729802
1561.1356508403003
1631.1727504075257
1613.5931784082982
1684.7726169686387
1739.6222792511537
1748.1985714864634
1703.9914481834207
1790.2790351640115
1781.8859203441802
1760.3970810716141
1783.5609407001775
1755.4042804131286
1790.4291602212486
1706.7114711495758
1675.4711101730984
1812.7809257870936
1828.4932883646968
1804.2318461689958
1778.1946398198972
1826.1466989268044
1959.0703665020148
1964.6373855735917
2004.8065046217116
2071.81955723435
2123.2941467818023
2116.2507029371623
2100.678251061893
2013.995825935299
2092.6108516424083
2114.6374039914895
2146.543643936485
2234.751361540234
2231.1880705407984
2262.627660949903
2291.7598239975996
2304.8882096360753
2343.0505102244706
2318.278814818354
2399.698672360241
2461.1008274916144
2576.7554265596564
2625.096114382745
2699.634074419098
2575.1489103753015
2577.9155219486543
2550.567247576418
2585.143906715065
2603.719682244794
2732.6433863175835
2779.2101533420614
2800.248555959234
2640.2376042386195
2769.8470364340333
2554.590602445654
2696.09677004932
2821.5391482083464
2901.7808515009388
2978.1433801568555
2808.946349158632
2992.2567593226445
3030.210781532433
3045.8202118094914
3134.2511259419493
3145.5271275464843
3222.909500868593
3283.915628771824
3266.9726645838373
2993.013116213106
2633.353451152315
2928.766486950418
3118.7784027994094
3144.4962105736386
3361.4954219698257
3501.3256396345905
3453.037512878906
3386.1356687519055
3735.133155544018
3798.8153698485526
3712.6091878491543
3766.8200954774393
4042.0930420203763
4221.699592451434
4344.98325761945
4307.94106658461
4419.277858542409
4497.765070011816
4270.7331524427655
4572.156964902593
4507.380564115632
4862.668655704025
4608.764885286671
4475.366618201808
4637.423049932745
4462.871284015521
4434.5958889524
4157.318094994559
4425.068172672876
4347.0988331128965
3935.5424002010623
4308.61029419198
4625.455341317497
4438.092468494326
4600.022265001627
4480.85649528076
4532.241902156554
4628.580007008703
4382.99514602133
4739.874650859977
966.1707677690468
936.5587667309707
873.4460352769213
967.4099502067912
980.3628876018445
999.7048333860882
1039.3548349679218
1061.5367559074589
1095.7569376279414
1099.196684104196
1058.890776869126
1093.6546428767351
1103.1839541529323
1114.1353285486853
1142.1584838310557
1145.3970986893862
1172.029094350724
1179.6744227509105
1242.1686847996364
1266.5100164630308
1314.5746691187603
1337.5703503804968
1354.1414626699989
1342.8843816359338
1417.8147141623322
1355.2402224470939
1411.2634882490308
1474.4536427701164
1491.3126151408635
1518.540024805264
1457.5861943804225
1512.3154570276743
1528.7791972026741
1551.9428436478017
1576.5372852577907
1600.496490553169
1545.8013054158816
1611.313987295898
1592.1259134181494
1663.415336406088
1728.909663113304
1736.516946270222
1686.1922384060565
1763.0268871622925
1750.4016081957384
1722.5948915603822
1745.5542344313149
1712.2518695345916
1752.5397969455057
1669.704370423934
1636.008436206822
1769.1189263352314
1787.5266886129848
1765.3995810764095
1737.3582185354917
1781.0358762858402
1919.1033132379575
1930.7979212262567
1967.788349109578
2022.1619321654505
2060.583726867244
2043.3605350058922
2027.0702305554719
1946.4396985837527
2029.6937332298623
2051.815681791628
2088.9396376133736
2177.6258369081365
2174.3452672656636
2210.8595679581476
2237.7577822457934
2246.9035549154632
2285.9836694461756
2269.389152799361
2345.9926637956396
2398.075377977345
2502.847538759989
2557.3013324768217
2633.8889169437352
2515.063286201679
2511.9654223263615
2494.4079281148065
2524.5885486798975
2561.599823780695
2695.242799926543
2747.453740340503
2784.7360748320325
2615.540253266579
2741.7863349183253
2524.088770734588
2657.3478449061354
2790.36094265269
2869.334155395976
2927.285825109875
2780.640993177402
2971.098271721674
3003.0190853297295
3001.4399224999643
3070.271387590594
3094.2042755920615
3172.9196650460726
3236.814393783797
3233.7331644892047
2958.5135129820937
2594.9029884522183
2897.8421835066556
3075.6872229245714
3079.969531480827
3280.7073908840252
3402.404203172495
3360.673232987582
3287.920157905173
3620.154783659465
3666.7196521268474
3597.7564252669526
3682.6445253072397
3974.5711045304934
4145.528789240225
4239.178464959749
4192.191557112329
4304.866085403963
4406.275545712288
4175.230818447612
4435.3241244208675
4389.714550063986
4718.734969002962
4503.926538927584
4360.391922481387
4514.286165762844
4369.18639540501
4346.829633577578
4083.671001303764
4358.499862247001
4272.93386573835
3879.0724484793286
4251.088444147995
4552.173021701101
4376.469184407151
4527.674918014901
4432.07532083007
4509.19316865681
4595.695377369938
4358.319757966034
4726.87856708716
967.3104844179147
942.5436842238972
880.9878397404245
968.746123978013
982.9223364608727
996.7789015007106
1033.2566606881833
1058.4626991775922
1093.156008151173
1090.232067479294
1054.9341845135357
1086.7299210198416
1103.1515545533491
1117.0373449793492
1144.8992728338162
1143.125270760495
1172.3633000359985
1182.2719820750958
1242.4809732887716
1270.796240414432
1315.4793026575342
1339.739355155494
1347.9963971501068
1333.9074754620246
1410.0084678450714
1346.5490051794366
1397.87357314078
1466.3160509445847
1488.0905029430016
1515.8610788312403
1465.7642582662443
1523.0696459262567
1539.2032521987226
1564.9018699275116
1589.8006573462253
1610.7464801229426
1556.2115750892206
1626.7228673349775
1608.4528569770926
1686.728300933577
1745.5542398602568
1753.1352993508574
1702.5878119991667
1786.0394896093192
1778.5745563259106
1765.5365626755854
1784.08257790915
1747.681935920342
1776.631411078368
1687.634161084971
1649.45685307467
1787.878049635291
1805.192976113926
1790.635125935305
1758.9011171556085
1810.4264220690475
1944.8042929730684
1951.4735740615629
1993.9731387386141
2044.5366840793642
2090.637265815272
2077.483087336391
2057.6954495815103
1981.0564164683806
2075.700769060082
2102.846016402344
2141.283093427933
2226.0648780421734
2220.4239723838064
2252.691540446925
980.084745903407
921.9338571011416
889.2353564724378
943.8181073981435
988.9876731668896
